# graph 3013
17 101246 89065 110513 57171 112333 94087 121499 95862 60975 5631 62396 123247 124634 122292 114154 97629 63735
# graph 4190
17 95550 124777 16121 52599 122061 14287 52158 113524 123627 113126 96319 120540 77493 71591 101723 84954 65427
# graph 4816
17 50622 120681 126641 56787 64717 124807 97178 27517 119531 96742 112703 112348 110426 89844 9215 73023 48998
# graph 5604
17 116158 87913 61105 114003 113869 116615 97178 60277 94955 31206 104511 46812 77658 56284 107495 93373 54651
# graph 5892
17 107966 120681 126641 48467 64717 116615 97178 93045 111339 89574 55871 30428 61274 104925 73462 79167 58343
# graph 7152
17 129086 80745 124593 32083 62669 109447 24474 116596 73450 101862 54236 78699 27995 120895 46301 91829 43943
# graph 7904
17 110142 60265 114353 97619 122573 63367 121754 120692 97002 51703 127165 107359 91644 73007 38906 20215 15837
# graph 9384
17 77118 125801 114353 126291 105677 96135 56218 55156 26347 63974 94653 111199 118516 85807 47082 88798 48191
# graph 9518
17 93502 125801 81585 60755 89293 112519 121754 120692 59115 113126 61885 94815 118516 102191 40411 30698 15095
# graph 9621
17 60734 93033 114353 60755 56525 96135 121754 120692 91883 80358 61885 111199 102132 85807 42491 23773 15334
# graph 10429
17 118078 117613 57011 109907 64717 120711 97178 63348 108267 96742 111037 94815 93940 73688 39671 17855 16235
# graph 10440
17 118078 117613 57011 109907 130253 55175 97178 63348 108267 96742 45501 94815 28404 106456 72439 75199 60251
# graph 11377
17 54846 127341 124147 121683 118477 46983 92574 77684 80618 40377 64181 96216 61227 89574 113759 22079 27102
# graph 11378
17 120382 94573 124147 88915 52941 112519 92574 44916 80618 40377 64181 63448 126763 122342 113759 32437 29039
# graph 11381
17 87614 61805 58611 88915 85709 112519 59806 110452 113386 105913 129717 128984 126763 56806 80991 16358 24505
# graph 11384
17 54846 61805 124147 56147 85709 112519 125342 77684 113386 89529 96949 96216 61227 105958 40543 29039 12276
# graph 11385
17 87614 94573 91379 121683 52941 112519 125342 44916 113386 56761 64181 63448 126763 105958 73311 16376 29039
# graph 11395
17 120382 94573 91379 121683 52941 112519 92574 44916 113386 56761 64181 63448 126763 105958 73311 16313 29039
# graph 11396
17 120382 94573 91379 121683 118477 112519 92574 110452 113386 56761 64181 63448 61227 105958 73311 16313 25087
# graph 11402
17 120382 61805 58611 121683 118477 112519 59806 77684 80618 89529 129717 96216 126763 105958 40543 29823 16313
# graph 11403
17 120382 61805 124147 56147 118477 112519 59806 77684 80618 89529 129717 96216 126763 105958 40543 29823 16309
# graph 11405
17 103998 110957 107771 105303 118477 63367 125342 61300 97002 89529 64181 96216 93995 56806 16368 75007 39775
# graph 11586
17 79422 127341 124147 47955 44749 96135 63902 118644 121578 73145 125621 120792 93035 54399 114150 28126 24487
# graph 11602
17 112190 61933 124147 113491 110285 63367 96670 53110 56042 105913 125621 120792 93035 87167 81382 4031 32349
# graph 11605
17 112190 61805 91379 113491 77517 63367 96670 118644 56042 105913 125621 120792 60267 87167 48614 24491 11997
# graph 11608
17 46654 127341 91379 113491 77517 63367 96670 118644 121578 40377 125621 120792 60267 87167 114150 24491 28126
# graph 11677
17 112190 61933 58611 97107 93901 112519 63902 53110 121578 105913 125621 120792 109419 87167 77278 8167 32569
# graph 11770
17 128574 105837 60659 106323 63181 126855 15774 61300 97002 128441 41727 119278 93019 22517 113589 85695 56107
# graph 12313
17 40510 113005 109811 56147 89805 110471 96670 94068 129770 62905 127669 98815 59227 120806 79832 16175 28150
# graph 12316
17 106046 47469 109811 121683 89805 110471 96670 94068 64234 128441 127669 98815 59227 55270 79832 16175 20221
# graph 12372
17 89662 63853 60659 105299 106189 126855 63902 126836 129770 112057 94901 115199 91995 55270 81383 11262 24505
# graph 12519
17 120382 63853 105715 61267 120525 81799 63902 81780 31466 95673 109245 42478 82935 53226 111451 93279 54965
# graph 12520
17 120382 63853 105715 61267 120525 81799 63902 81780 31466 95673 109245 108014 82935 53226 45915 93279 40629
# graph 12560
17 54846 63853 48371 118611 120525 49031 129438 114548 129770 120249 92861 108014 58359 89574 79707 7167 28632
# graph 12572
17 112190 96621 122099 77651 104141 65415 88478 122740 97002 112057 109245 91630 115703 53035 47590 30389 8159
# graph 12590
17 95806 96621 72947 61267 120525 81799 121246 106356 64234 62905 109245 108014 82935 53035 45915 28632 7415
# graph 12594
17 95806 96621 72947 61267 120525 81799 55710 106356 64234 128441 109245 108014 82935 118571 45915 28632 16055
# graph 12595
17 95806 96621 72947 126803 120525 16263 121246 40820 64234 62905 109245 108014 17399 118571 111451 94168 60511
