14 252 16128 249 245 237 221 189 125 15874 15618 15106 14082 12034 7938
14 998 16361 1009 15378 15372 967 935 871 743 487 14362 13338 11290 7194
14 998 14313 3057 15378 15372 967 935 871 743 487 14362 13340 11290 7194
14 998 6121 11249 15378 15372 967 935 871 743 487 14362 13340 11290 7196
14 2022 15337 1969 14418 15372 1991 15275 1895 1767 1511 949 12378 10330 6234
14 2022 11241 6065 14418 15372 1991 11179 1895 1767 1511 5045 12378 11292 6234
14 998 16361 945 15442 15372 967 16299 871 743 487 14426 13402 11354 7258
14 998 8169 9137 15442 15372 967 8107 871 743 487 14426 13402 11354 7196
14 998 4073 13233 15442 15372 967 4011 871 743 487 14426 13402 11292 7196
14 998 2025 15281 15442 15372 967 1963 871 743 487 14426 13340 11292 7196
14 998 1001 16305 15442 15372 967 939 871 743 487 14364 13340 11292 7196
14 998 13801 2993 15442 15884 967 13739 871 743 2485 14426 13852 11354 7258
14 4070 13289 3761 12626 15372 4039 13227 3943 13035 3559 2741 1717 8538 4442
14 4070 5097 11953 12626 15372 4039 5035 3943 4843 3559 10933 9909 8538 7196
14 2022 7145 9905 14674 15372 1991 7083 1895 6891 1511 8885 12634 10586 7196
14 2022 3049 14001 14674 15372 1991 2987 1895 2795 1511 12981 12634 11292 7196
14 2022 1001 16049 14674 15372 1991 939 1895 747 1511 15029 13340 11292 7196
14 9190 8169 8881 7506 15372 9159 8107 9063 7915 8679 6490 5466 3418 693
14 998 4073 12977 15698 15372 967 4011 871 3819 487 14682 13658 11292 7196
14 998 2025 15025 15698 15372 967 1963 871 1771 487 14682 13340 11292 7196
14 998 1001 16049 15698 15372 967 939 871 747 487 14364 13340 11292 7196
14 2022 10729 5809 14674 15884 1991 10667 1895 10475 5301 4789 12634 11804 6490
14 998 1513 15025 15698 15884 967 1451 871 1259 14517 14682 13852 11804 7708
14 3886 3945 16305 16211 12492 3975 12442 12404 3631 3375 2863 1839 8412 4316
14 3886 12137 8113 16211 12492 3975 12442 12404 3631 3375 2863 1839 8412 4314
14 3886 16233 4017 16211 12492 3975 12442 12404 3631 3375 2863 1839 8410 4314
14 3886 8041 12209 8019 12492 12167 12442 12404 3631 3375 2863 1839 8410 4340
14 1838 1897 16305 16211 14540 1927 14490 14452 1583 1327 815 12508 10460 6364
14 1838 16233 1969 16211 14540 1927 14490 14452 1583 1327 815 12506 10458 6362
14 3886 3945 15793 16211 12492 3975 12954 12404 3631 3435 2863 1839 8412 4316
14 3886 3945 15793 8019 12492 12167 12954 12404 3631 3435 2863 1839 8412 4340
14 3886 8041 11697 16211 12492 3975 12954 12404 3631 7531 2863 1839 8922 4316
14 3886 16233 3505 16211 12492 3975 12954 12404 3631 15723 2863 1839 8922 4826
14 3886 8041 11697 8019 12492 12167 12954 12404 3631 7531 2863 1839 8922 4340
14 3886 3945 15793 3923 12492 16263 12954 12404 3631 3435 2863 1839 8436 4340
14 7982 3945 13745 12115 12492 8071 10906 12404 7727 3435 6959 1899 9653 4316
14 7982 12137 5553 12115 12492 8071 10906 12404 7727 11627 6959 10091 1461 2778
14 7982 3945 13745 3923 12492 16263 10906 12404 7727 3435 6959 1899 9653 4340
14 3886 3945 13745 16211 12492 3975 15002 12404 3631 3435 2863 1899 8412 4316
14 3886 3945 13745 8019 12492 12167 15002 12404 3631 3435 2863 1899 8412 4340
14 1838 1897 15793 16211 14540 1927 15002 14452 1583 1387 815 12508 10460 6364
14 1838 1897 15793 12115 14540 6023 15002 14452 1583 1387 815 12508 10484 6364
14 1838 1897 15793 3923 14540 14215 15002 14452 1583 1387 815 12508 10484 6388
14 1838 3945 13745 16211 14540 1927 15002 14452 1583 3435 815 13018 10460 6364
14 1838 1897 15793 1875 14540 16263 15002 14452 1583 1387 815 12532 10484 6388
14 7982 7529 12209 15699 8908 8071 12442 8820 7727 11701 6959 5935 3435 732
14 7982 15721 4017 15699 8908 8071 12442 8820 7727 3509 6959 5935 11627 4314
14 7982 7529 12209 7507 8908 16263 12442 8820 7727 11701 6959 5935 3435 756
14 7982 7529 12209 15699 13004 3975 12442 8820 7727 11701 6959 5935 11611 4828
14 7982 15721 4017 15699 13004 3975 12442 8820 7727 3509 6959 5935 11611 4314
14 3886 3433 16305 15699 13004 3975 12442 12916 3631 15797 2863 1839 8924 4828
14 3886 11625 8113 15699 13004 3975 12442 12916 3631 7605 2863 1839 8924 4314
14 3886 3433 16305 7507 13004 12167 12442 12916 3631 15797 2863 1839 8924 4852
14 3886 15721 4017 15699 13004 3975 12442 12916 3631 3509 2863 1839 8410 4314
14 3886 11625 8113 11603 13004 8071 12442 12916 3631 7605 2863 1839 8948 4314
14 3886 3433 16305 3411 13004 16263 12442 12916 3631 15797 2863 1839 8948 4852
14 3886 7529 10161 15699 13004 3975 14490 12916 3631 9653 2863 5483 10458 4828
14 3886 15721 1969 15699 13004 3975 14490 12916 3631 1461 2863 13675 10458 6362
14 3886 7529 10161 7507 13004 12167 14490 12916 3631 9653 2863 5483 10458 4852
14 3886 3433 14257 3411 13004 16263 14490 12916 3631 13749 2863 1387 8948 4852
14 16174 13673 4017 13651 2764 16263 12442 2676 15919 3509 15151 1973 9579 5483
14 7982 13673 4017 13651 10956 8071 12442 10868 7727 3509 6959 1973 9579 4314
14 7982 5481 12209 5459 10956 16263 12442 10868 7727 11701 6959 10165 1387 2804
14 16174 13673 4017 13651 6860 12167 12442 2676 15919 3509 15151 1973 9563 5483
14 16174 13673 4017 13651 15052 3975 12442 2676 15919 3509 15151 1973 9563 5467
14 7982 5481 12209 13651 15052 3975 12442 10868 7727 11701 6959 10165 9563 6876
14 7982 13673 4017 13651 15052 3975 12442 10868 7727 3509 6959 1973 9563 4314
14 7982 5481 12209 5459 15052 12167 12442 10868 7727 11701 6959 10165 1371 2804
14 3886 13673 4017 13651 15052 3975 12442 14964 3631 3509 2863 1973 8410 4314
14 3886 3433 14257 15699 15052 1927 14490 12916 3631 13749 2863 13659 10972 6876
14 3886 11625 6065 15699 15052 1927 14490 12916 3631 5557 2863 13659 10972 6362
14 3886 15721 1969 15699 15052 1927 14490 12916 3631 1461 2863 13659 10458 6362
14 3886 7529 10161 7507 15052 10119 14490 12916 3631 9653 2863 5467 10458 4852
14 10030 9577 8113 15699 6860 10119 14490 6772 9775 7605 9007 4828 2780 1387
14 1838 13673 4017 15699 15052 1927 14490 14964 1583 3509 815 13020 10458 6362
14 16174 15721 4017 13651 8908 8071 12442 2676 15919 3509 15151 6055 11627 5467
14 7982 7529 12209 13651 8908 8071 12442 10868 7727 11701 6959 6055 3435 732
14 7982 15721 4017 13651 8908 8071 12442 10868 7727 3509 6959 6055 11627 4314
14 7982 7529 12209 5459 8908 16263 12442 10868 7727 11701 6959 14247 3435 2804
14 7982 7529 12209 13651 13004 3975 12442 10868 7727 11701 6959 1959 9563 4828
14 7982 15721 4017 13651 13004 3975 12442 10868 7727 3509 6959 1959 9563 4314
14 7982 7529 12209 5459 13004 12167 12442 10868 7727 11701 6959 10151 1371 2804
14 3886 3433 16305 13651 13004 3975 12442 14964 3631 15797 2863 1959 8924 4828
14 3886 11625 8113 13651 13004 3975 12442 14964 3631 7605 2863 1959 8924 4314
14 3886 15721 4017 13651 13004 3975 12442 14964 3631 3509 2863 1959 8410 4314
14 3886 3433 16305 9555 13004 8071 12442 14964 3631 15797 2863 6055 10996 4828
14 3886 11625 8113 9555 13004 8071 12442 14964 3631 7605 2863 6055 10996 4314
14 3886 3433 16305 1363 13004 16263 12442 14964 3631 15797 2863 14247 10996 6900
14 1838 15721 1969 15699 15052 1927 14490 14964 1583 1461 815 12506 10458 6362
14 1838 13673 4017 13651 15052 3975 14490 14964 1583 3509 815 13044 10458 6362
14 5934 5481 11185 7507 11980 13191 15514 10868 5679 10677 6491 9948 1387 2804
14 7982 7529 10161 14675 13004 3975 14490 9844 7727 9653 2983 5483 10587 4828
14 7982 15721 1969 14675 13004 3975 14490 9844 7727 1461 2983 13675 10587 6362
14 3886 3433 14257 14675 13004 3975 14490 13940 3631 13749 2983 1387 8924 4828
14 3886 11625 6065 14675 13004 3975 14490 13940 3631 5557 2983 9579 8924 6362
14 7982 15721 1969 14675 15052 1927 14490 9844 7727 1461 935 12635 10587 6362
14 3886 15721 1969 14675 15052 1927 14490 13940 3631 1461 935 12635 10458 6362
14 16174 15721 4017 12627 13004 3975 12442 3700 15919 3509 2983 1959 8539 4443
14 7982 7529 12209 12627 13004 3975 12442 11892 7727 11701 2983 1959 8539 4828
14 7982 15721 4017 12627 13004 3975 12442 11892 7727 3509 2983 1959 8539 4314
14 3886 15721 4017 12627 13004 3975 12442 15988 3631 3509 2983 1959 8410 4314
14 1838 15721 1969 14675 15052 1927 14490 15988 1583 1461 935 12506 10458 6362
14 13166 15721 13297 15699 3788 15239 13471 3700 14895 14773 2266 1978 9071 4975
14 13166 7529 13297 7507 11980 15239 13471 11892 14895 14773 2266 1978 9071 5109
14 13166 15721 13297 7507 3788 15239 5279 11892 14895 14773 2266 10170 9071 7079
14 13166 15721 13297 15699 3788 15239 5279 3700 14895 14773 2266 10170 9071 6959
14 13166 7529 13297 7507 11980 15239 5279 11892 14895 14773 2266 10170 9071 7093
14 4974 15721 5105 15699 11980 7047 13471 11892 6703 6581 10458 10170 879 3290
14 13166 15721 9201 15699 3788 15239 13471 3700 14895 10677 6362 6074 11627 4975
14 13166 15721 1009 15699 3788 15239 13471 3700 14895 2485 14554 14266 11627 7531
14 13166 7529 9201 7507 11980 15239 13471 11892 14895 10677 6362 6074 3435 1013
14 13166 15721 1009 15699 11980 7047 13471 3700 14895 2485 14554 14266 11627 7515
14 13166 15721 9201 7507 3788 15239 5279 11892 14895 10677 6362 14266 11627 7079
14 4974 7529 9201 7507 11980 15239 13471 11892 6703 10677 14554 14266 3435 3828
14 13166 15721 9201 15699 3788 15239 5279 3700 14895 10677 6362 14266 11627 6959
14 13166 7529 9201 7507 11980 15239 5279 11892 14895 10677 6362 14266 3435 2997
14 4974 15721 1009 15699 11980 7047 13471 11892 6703 2485 14554 14266 11627 7386
14 13166 15721 9201 15699 7884 11143 13471 3700 14895 10677 6362 6074 11611 4975
14 13166 7529 9201 7507 16076 11143 13471 11892 14895 10677 6362 6074 3419 1013
14 13166 15721 1009 15699 16076 2951 13471 3700 14895 2485 14554 14266 11611 7515
14 4974 7529 9201 15699 16076 2951 13471 11892 6703 10677 14554 14266 11611 7900
14 13166 15721 9201 7507 7884 11143 5279 11892 14895 10677 6362 14266 3419 2983
14 4974 7529 9201 7507 16076 11143 13471 11892 6703 10677 14554 14266 3419 3828
14 13166 15721 9201 15699 7884 11143 5279 3700 14895 10677 6362 14266 11611 6959
14 13166 7529 9201 7507 16076 11143 5279 11892 14895 10677 6362 14266 3419 2997
14 4974 15721 1009 15699 16076 2951 13471 11892 6703 2485 14554 14266 11611 7386
14 13166 15721 13297 3411 3788 15239 1183 15988 14895 14773 2266 14266 11175 7079
14 13166 15721 13297 11603 3788 15239 1183 7796 14895 14773 2266 14266 11175 6959
14 4974 15721 5105 11603 11980 7047 9375 15988 6703 6581 10458 14266 2983 3290
14 13166 15721 13297 15699 7884 11143 13471 7796 10799 10677 6362 1978 9439 4975
14 13166 15721 5105 15699 7884 11143 13471 7796 10799 2485 14554 10170 9439 7531
14 13166 15721 5105 15699 16076 2951 13471 7796 10799 2485 14554 10170 9439 7515
14 13166 15721 13297 7507 7884 11143 5279 15988 10799 10677 6362 10170 1247 2983
14 13166 15721 13297 15699 16076 2951 13471 15988 2607 2485 14554 1978 9439 5343
14 13166 15721 13297 15699 7884 11143 5279 7796 10799 10677 6362 10170 1247 2863
14 4974 15721 5105 15699 16076 2951 13471 15988 2607 2485 14554 10170 9439 7386
14 4974 15721 5105 15699 16076 3015 5311 15988 10799 10677 14554 10170 9439 8090
14 13166 15721 13297 15699 3788 15239 1183 3700 14895 14773 2266 14266 11055 6959
14 13166 7529 13297 7507 11980 15239 1183 11892 14895 14773 2266 14266 11055 7093
14 4974 15721 5105 15699 11980 7047 9375 11892 6703 6581 10458 14266 2863 3290
14 878 15721 1009 15699 16076 2951 13471 15988 2607 2485 14554 14266 11482 7386
14 9070 15721 9201 15699 7884 15239 9375 7796 14895 14773 6362 6074 4026 879
14 9070 15721 1009 15699 7884 15239 9375 7796 14895 6581 14554 14266 12218 7531
14 9070 15721 1009 15699 16076 7047 9375 7796 14895 6581 14554 14266 12218 7515
14 9070 15721 9201 7507 7884 15239 1183 15988 14895 14773 6362 14266 12218 7079
14 9070 15721 9201 15699 16076 7047 9375 15988 6703 6581 14554 6074 4026 1247
14 9070 15721 9201 15699 7884 15239 1183 7796 14895 14773 6362 14266 12218 6959
14 878 15721 1009 15699 16076 7047 9375 15988 6703 6581 14554 14266 12218 7386
14 878 15721 1009 15699 16076 15239 1183 15988 14895 14773 14554 14266 12218 8122
14 13166 15721 13297 11603 3788 15239 13471 7796 14895 14773 2266 1978 9191 4975
14 13166 15721 5105 11603 3788 15239 13471 7796 14895 6581 10458 10170 9191 7531
14 13166 15721 5105 11603 11980 7047 13471 7796 14895 6581 10458 10170 999 3419
14 13166 15721 13297 3411 3788 15239 5279 15988 14895 14773 2266 10170 9191 7079
14 13166 15721 13297 11603 11980 7047 13471 15988 6703 6581 10458 1978 9191 5343
14 4974 15721 5105 11603 11980 7047 13471 15988 6703 6581 10458 10170 999 3290
14 13166 15721 13297 15699 3788 15239 13471 3700 14895 10677 6362 1978 9583 4975
14 13166 15721 5105 15699 3788 15239 13471 3700 14895 2485 14554 10170 9583 7531
14 13166 7529 13297 7507 11980 15239 13471 11892 14895 10677 6362 1978 9583 5109
14 13166 15721 5105 15699 11980 7047 13471 3700 14895 2485 14554 10170 9583 7515
14 4974 7529 13297 15699 11980 7047 13471 11892 6703 10677 14554 10170 1391 3804
14 13166 7529 13297 7507 11980 15239 5279 11892 14895 10677 6362 10170 1391 2997
14 4974 15721 5105 15699 11980 15239 5279 11892 14895 10677 14554 10170 1391 4026
14 4974 7529 13297 7507 11980 15239 5279 11892 14895 10677 14554 10170 1391 4020
14 13166 15721 5105 15699 3788 15239 5279 3700 14895 10677 14554 10170 9583 7979
14 10094 15721 13297 15699 7884 15239 13471 7796 14895 11701 10971 6074 2558 1903
14 10094 15721 5105 15699 7884 15239 13471 7796 14895 3509 10971 14266 10750 7531
14 10094 7529 13297 7507 16076 15239 13471 15988 14895 11701 2779 6074 10750 5109
14 10094 15721 5105 15699 16076 7047 13471 7796 14895 3509 10971 14266 10750 7515
14 1902 7529 13297 15699 16076 7047 13471 15988 6703 11701 10971 14266 10750 7900
14 1902 15721 5105 15699 16076 15239 5279 15988 14895 11701 10971 14266 10750 8122
14 1902 7529 13297 7507 16076 15239 5279 15988 14895 11701 2779 14266 10750 7092
14 10094 15721 5105 15699 7884 15239 5279 7796 14895 11701 10971 14266 2558 3883
14 10094 15721 13297 7507 7884 15239 5279 15988 14895 11701 10971 14266 2558 4007
14 10094 15721 13297 7507 7884 15239 13471 15988 14895 11701 10971 6074 2558 2023
14 10094 7529 13297 7507 16076 15239 13471 15988 6703 11701 10971 6074 2558 1781
14 13166 11753 13297 15699 7884 11143 13471 3702 14895 14773 6362 1978 10077 4975
14 13166 11753 5105 15699 7884 11143 13471 11894 14895 6581 14554 10170 1885 3563
14 13166 11753 5105 15699 16076 2951 13471 3702 14895 6581 14554 10170 10077 7515
14 13166 11753 13297 7507 7884 11143 5279 11894 14895 14773 6362 10170 1885 2983
14 13166 11753 13297 15699 16076 2951 13471 11894 6703 6581 14554 1978 10077 5343
14 13166 11753 13297 15699 7884 11143 5279 3702 14895 14773 6362 10170 10077 6959
14 4974 11753 5105 15699 16076 2951 13471 11894 6703 6581 14554 10170 10077 7386
14 4974 11753 5105 15699 16076 11143 5279 11894 14895 14773 14554 10170 1885 4026
14 13166 3561 13297 15699 16076 2951 13471 3702 14895 14773 14554 1978 10077 5981
14 4974 3561 13297 7507 16076 11143 5279 11894 14895 14773 14554 10170 10077 8116
14 4974 11753 5105 15699 16076 11143 13471 11894 6703 6581 14554 10170 1885 3322
14 4974 11753 13297 7507 16076 11143 5279 11894 14895 14773 14554 10170 1885 4022
14 13166 11753 13297 7507 7884 11143 13471 11894 14895 14773 6362 1978 10077 5095
14 13166 11753 13297 15699 7884 11143 13471 3702 14895 6581 14554 1978 10077 5487
14 13166 3561 13297 15699 16076 11143 5279 3702 14895 14773 6362 10170 10077 6973
14 13166 3561 13297 15699 16076 11143 13471 3702 14895 14773 6362 1978 10077 4989
14 13166 11753 13297 15699 16076 2951 13471 3702 14895 6581 14554 1978 10077 5471
14 4974 11753 5105 15699 16076 3015 5311 11894 14895 14773 14554 10170 10077 8090
14 13166 3561 13297 15699 16076 3015 5311 3702 14895 14773 14554 10170 10077 7965
14 13166 11753 13297 15699 16076 8071 13471 11894 14895 14773 6394 10170 1917 3039
14 13166 11753 13297 15699 7884 15239 13471 3702 14895 14773 2266 1978 9085 4975
14 13166 11753 5105 15699 7884 15239 13471 11894 14895 6581 10458 10170 893 3563
14 4974 11753 5105 15699 16076 7047 13471 11894 6703 6581 10458 10170 893 3290
14 4974 3561 13297 7507 16076 15239 13471 11894 6703 14773 10458 10170 9085 7924
14 13166 11753 13297 7507 7884 15239 13471 11894 14895 14773 2266 1978 9085 5095
14 14702 15209 15793 15187 1740 15751 15003 1652 15407 1242 948 12655 10607 6511
14 6510 7017 15793 15187 9932 7559 15003 9844 7215 9434 9140 4463 2415 1756
14 6510 15209 7601 15187 9932 7559 15003 9844 7215 9434 9140 4463 2415 1754
14 14702 15209 11697 15187 1740 15751 15003 1652 15407 5338 948 12655 11115 6511
14 6510 7017 11697 15187 9932 7559 15003 9844 7215 13530 9140 4463 2923 1756
14 6510 7017 11697 6995 9932 15751 15003 9844 7215 13530 9140 4463 2923 1780
14 14702 11113 15793 11091 5836 15751 10907 5748 15407 1242 5044 12655 11701 6511
14 14702 11113 7601 11091 5836 15751 10907 5748 15407 9434 5044 12655 3509 2923
14 14702 11113 7601 11091 14028 7559 10907 5748 15407 9434 5044 12655 3509 2907
14 6510 2921 15793 11091 14028 7559 10907 13940 7215 9434 13236 4463 11701 5852
14 14702 11113 15793 2899 5836 15751 2715 13940 15407 1242 13236 12655 11701 7591
14 6510 11113 7601 11091 14028 7559 10907 13940 7215 9434 13236 4463 3509 1754
14 14702 15209 11697 15187 5836 11655 15003 1652 15407 5338 948 12655 11099 6511
14 14702 15209 3505 15187 5836 11655 15003 1652 15407 13530 948 12655 11099 7019
14 14702 15209 11697 6995 5836 11655 6811 9844 15407 5338 9140 12655 2907 3495
14 6510 7017 11697 6995 14028 11655 15003 9844 7215 13530 9140 4463 2907 1780
14 2926 7017 11697 6995 14028 11655 6811 13940 11311 5339 13236 8559 9946 7604
14 12670 15209 13745 15187 14029 15751 15003 3700 15407 3290 2996 2026 8575 4479
14 12670 15209 5553 15187 5837 15751 15003 3700 15407 11482 2996 10218 8575 7019
14 12670 7017 13745 6995 14029 15751 6811 11892 15407 3290 11188 2026 8575 5557
14 12670 15209 5553 15187 14029 7559 15003 3700 15407 11482 2996 10218 8575 7003
14 12670 7017 13745 15187 14029 7559 15003 11892 7215 11482 11188 2026 8575 5853
14 12670 15209 13745 6995 5837 15751 6811 11892 15407 3290 11188 10218 8575 7591
14 12670 15209 5553 15187 14029 7559 15003 11892 7215 11482 2996 10218 8575 6875
14 4478 7017 13745 6995 14029 15751 15003 11892 7215 11482 11188 10218 383 3828
14 12670 15209 13745 15187 5837 15751 6811 3700 15407 3290 11188 10218 8575 7471
14 4478 15209 5553 15187 14029 7559 15003 11892 7215 11482 11188 10218 383 3802
14 4478 7017 13745 6995 14029 15751 6811 11892 15407 11482 11188 10218 383 4020
14 12670 15209 1457 15187 1741 15751 15003 3700 15407 15578 2996 14314 11115 7019
14 12670 7017 9649 6995 9933 15751 6811 11892 15407 7386 11188 6122 2923 1461
14 12670 15209 1457 15187 9933 7559 15003 11892 7215 15578 2996 14314 11115 6875
14 4478 15209 1457 15187 9933 7559 15003 11892 7215 15578 11188 14314 11115 7898
14 12670 2921 13745 2899 14029 15751 2715 15988 15407 3290 15284 2026 9653 5557
14 12670 3053 5555 11091 14029 7559 10907 7798 15407 11482 15284 10218 9653 8025
14 12670 15209 1457 15187 5837 11655 15003 3700 15407 15578 2996 14314 11099 7019
14 12670 7017 9649 6995 14029 11655 6811 11892 15407 7386 11188 6122 2907 1461
14 12670 15209 1457 15187 14029 3463 15003 3700 15407 15578 2996 14314 11099 7003
14 12670 15209 1457 15187 14029 3463 15003 11892 7215 15578 2996 14314 11099 6875
14 12670 15209 5553 11091 1741 15751 10907 7796 15407 11482 7092 14314 11687 7019
14 12670 7017 13745 2899 9933 15751 2715 15988 15407 3290 15284 6122 11687 5557
14 12670 15209 5553 11091 9933 7559 10907 7796 15407 11482 7092 14314 3495 2907
14 12670 15209 13745 2899 1741 15751 2715 15988 15407 3290 15284 14314 11687 7591
14 12670 15209 5553 11091 9933 7559 10907 15988 7215 11482 7092 14314 3495 2779
14 4478 7017 13745 2899 9933 15751 10907 15988 7215 11482 15284 14314 11687 7924
14 4478 15209 5553 11091 9933 7559 10907 15988 7215 11482 15284 14314 3495 3802
14 4478 7017 13745 2899 9933 15751 2715 15988 15407 11482 15284 14314 11687 8116
14 8574 11113 5553 11091 5837 15751 15003 7796 11311 15578 7092 14314 3828 2923
14 8574 2921 13745 2899 14029 15751 6811 15988 11311 7386 15284 6122 12020 5557
14 8574 11113 5553 11091 14029 7559 15003 7796 11311 15578 7092 14314 3828 2907
14 8574 11113 5553 11091 14029 7559 15003 15988 3119 15578 7092 14314 12020 6875
14 382 2921 13745 2899 14029 15751 15003 15988 3119 15578 15284 14314 12020 7924
14 8574 11113 13745 11091 5837 15751 6811 7796 11311 7386 15284 14314 3828 3375
14 382 11113 5553 11091 14029 7559 15003 15988 3119 15578 15284 14314 12020 7898
14 382 2921 13745 2899 14029 15751 6811 15988 11311 15578 15284 14314 12020 8116
14 8574 15209 9649 15187 9933 15751 15003 7796 15407 7386 7092 6122 4074 383
14 8574 15209 1457 15187 1741 15751 15003 7796 15407 15578 7092 14314 12266 7019
14 8574 7017 9649 6995 9933 15751 6811 15988 15407 7386 15284 6122 4074 1461
14 8574 15209 1457 15187 9933 7559 15003 7796 15407 15578 7092 14314 12266 7003
14 8574 15209 9649 6995 1741 15751 6811 15988 15407 7386 15284 14314 12266 7591
14 382 7017 9649 6995 9933 15751 15003 15988 7215 15578 15284 14314 12266 7924
14 382 15209 1457 15187 1741 15751 15003 15988 15407 15578 15284 14314 12266 8170
14 8574 11113 13745 15187 14029 11655 15003 7796 11311 7386 7092 6122 3804 383
14 8574 11113 5553 15187 5837 11655 15003 7796 11311 15578 7092 14314 3804 2923
14 8574 2921 13745 6995 14029 11655 6811 15988 11311 7386 15284 6122 11996 5557
14 8574 11113 5553 15187 14029 3463 15003 7796 11311 15578 7092 14314 11996 7003
14 8574 2921 13745 15187 14029 3463 15003 15988 3119 15578 15284 6122 11996 5853
14 8574 11113 13745 6995 5837 11655 6811 15988 11311 7386 15284 14314 3804 3495
14 8574 11113 5553 15187 14029 3463 15003 15988 3119 15578 7092 14314 11996 6875
14 382 2921 13745 6995 14029 11655 15003 15988 3119 15578 15284 14314 11996 7924
14 8574 11113 13745 15187 5837 11655 6811 7796 11311 7386 15284 14314 3804 3375
14 382 11113 5553 15187 14029 3463 15003 15988 3119 15578 15284 14314 11996 7898
14 382 2921 13745 6995 14029 11655 6811 15988 11311 15578 15284 14314 11996 8116
14 382 11113 5553 15187 5837 11655 15003 15988 11311 15578 15284 14314 11996 8170
14 382 2921 13745 15187 14029 3463 15003 15988 3119 15578 15284 14314 11996 7900
14 8574 11113 13745 15187 5837 11655 15003 7796 11311 7386 7092 14314 3804 2415
14 8574 15209 13745 11091 9933 15751 10907 7796 15407 7386 7092 6122 4006 383
14 8574 15209 5553 11091 1741 15751 10907 7796 15407 15578 7092 14314 12198 7019
14 8574 7017 13745 2899 9933 15751 2715 15988 15407 7386 15284 6122 12198 5557
14 8574 15209 5553 11091 9933 7559 10907 7796 15407 15578 7092 14314 4006 2907
14 8574 15209 13745 2899 1741 15751 2715 15988 15407 7386 15284 14314 12198 7591
14 382 7017 13745 2899 9933 15751 10907 15988 7215 15578 15284 14314 12198 7924
14 382 15209 5553 11091 1741 15751 10907 15988 15407 15578 15284 14314 12198 8170
14 382 15209 13745 2899 1741 15751 2715 15988 15407 15578 15284 14314 12198 8102
14 382 7017 13745 11091 9933 7559 10907 15988 7215 15578 15284 14314 12198 7900
14 12670 15209 13745 15187 14029 15751 10907 3700 15407 3290 7092 2026 9535 4479
14 12670 15209 5553 15187 5837 15751 10907 3700 15407 11482 7092 10218 9535 7019
14 12670 7017 13745 6995 14029 15751 2715 11892 15407 3290 15284 2026 9535 5557
14 12670 15209 5553 15187 14029 7559 10907 3700 15407 11482 7092 10218 9535 7003
14 12670 7017 13745 15187 14029 7559 10907 11892 7215 11482 15284 2026 9535 5853
14 12670 15209 13745 6995 5837 15751 2715 11892 15407 3290 15284 10218 9535 7591
14 12670 15209 5553 15187 14029 7559 10907 11892 7215 11482 7092 10218 1343 2779
14 4478 7017 13745 6995 14029 15751 10907 11892 7215 11482 15284 10218 1343 3828
14 12670 15209 13745 15187 5837 15751 2715 3700 15407 3290 15284 10218 9535 7471
14 4478 15209 5553 15187 14029 7559 10907 11892 7215 11482 15284 10218 1343 3802
14 4478 7017 13745 6995 14029 15751 2715 11892 15407 11482 15284 10218 9535 8116
14 4478 15209 5553 15187 5837 15751 10907 11892 15407 11482 15284 10218 1343 4074
14 12670 15209 13745 15187 14029 15751 2715 3700 15407 3290 15284 2026 9535 5439
14 4478 7017 13745 15187 14029 7559 10907 11892 7215 11482 15284 10218 1343 3804
14 4478 15209 13745 6995 5837 15751 10907 11892 15407 11482 15284 10218 1343 4070
14 12670 15209 13745 15187 5837 15751 10907 3700 15407 3290 7092 10218 9535 6511
14 12670 15209 5553 15187 5837 15751 10907 11892 15407 11482 7092 10218 1343 3051
14 12670 15209 13745 15187 14029 7559 10907 11892 7215 11482 7092 2026 9535 4831
14 12670 7017 13745 6995 14029 15751 10907 11892 7215 11482 15284 2026 9535 5877
14 7742 16233 7857 16211 16077 8071 8602 8564 8426 7231 6719 5695 3647 474
14 7742 8041 16049 8019 16077 16263 8602 8564 8426 7231 6719 5695 3647 500
14 7742 12137 7857 12115 16077 8071 8602 12660 8426 7231 6719 5695 3765 474
14 7742 3945 16049 3923 16077 16263 8602 12660 8426 7231 6719 5695 11957 4596
14 3646 16233 3761 16211 16077 3975 12698 12660 12522 3135 2623 1599 8666 4570
14 3646 16233 3761 16211 7885 12167 12698 12660 12522 3135 2623 1599 8666 4586
14 3646 12137 7857 12115 16077 8071 12698 12660 12522 3135 2623 1599 8692 4570
14 3646 3945 16049 3923 16077 16263 12698 12660 12522 3135 2623 1599 8692 4596
14 7742 10089 7857 10067 16077 8071 8602 14708 8426 7231 6719 5813 3765 474
14 7742 1897 16049 1875 16077 16263 8602 14708 8426 7231 6719 14005 11957 6644
14 3646 10089 7857 10067 16077 8071 12698 14708 12522 3135 2623 5813 10740 4570
14 3646 1897 16049 1875 16077 16263 12698 14708 12522 3135 2623 14005 10740 6644
14 9790 8041 9905 8019 16077 10119 6554 14708 6378 9279 8767 4570 2522 1717
14 9790 8041 9905 8019 11981 14215 6554 14708 6378 9279 8767 4570 2538 1717
14 15934 8041 15025 8019 15053 16263 1434 8564 1258 15423 7019 13887 11839 6837
14 7742 16233 6833 16211 15053 8071 9626 8564 9450 7231 15211 5695 3647 1498
14 7742 8041 15025 8019 15053 16263 9626 8564 9450 7231 7019 5695 3647 500
14 7742 16233 6833 16211 6861 16263 9626 8564 9450 7231 15211 5695 3647 1514
14 15934 8041 10929 8019 10957 16263 5530 8564 5354 15423 7019 13887 3947 2741
14 15934 8041 10929 16211 10957 8071 13722 8564 5354 15423 7019 13887 3947 2781
14 7742 16233 2737 16211 10957 8071 13722 8564 13546 7231 15211 5695 12139 5594
14 7742 8041 10929 8019 10957 16263 13722 8564 13546 7231 7019 5695 3947 500
14 7742 16233 2737 16211 2765 16263 13722 8564 13546 7231 15211 5695 12139 5610
14 15934 3945 15025 3923 15053 16263 1434 12660 1258 15423 2923 13887 10933 6837
14 7742 3945 15025 3923 15053 16263 9626 12660 9450 7231 2923 5695 10933 4596
14 15934 8041 10929 8019 15053 12167 5530 8564 5354 15423 7019 13887 3931 2741
14 7742 16233 2737 16211 15053 3975 13722 8564 13546 7231 15211 5695 12123 5594
14 7742 8041 10929 8019 15053 12167 13722 8564 13546 7231 7019 5695 3931 500
14 11838 8041 10929 8019 15053 12167 5530 12660 5354 11327 7019 9791 1498 2741
14 3646 16233 2737 16211 15053 3975 13722 12660 13546 3135 15211 1599 9690 5594
14 3646 8041 10929 8019 15053 12167 13722 12660 13546 3135 7019 1599 9690 4596
14 3646 16233 2737 16211 6861 12167 13722 12660 13546 3135 15211 1599 9690 5610
14 3646 3945 15025 3923 15053 16263 13722 12660 13546 3135 2923 1599 8692 4596
14 11838 8041 10929 8019 10957 16263 5530 12660 5354 11327 7019 9791 1514 2741
14 3646 8041 10929 8019 10957 16263 13722 12660 13546 3135 7019 1599 9706 4596
14 3646 16233 2737 16211 2765 16263 13722 12660 13546 3135 15211 1599 9706 5610
14 15934 8041 8881 8019 8909 16263 7578 8564 7402 15423 7019 5995 3947 693
14 15934 8041 8881 16211 8909 8071 15770 8564 7402 15423 7019 5995 3947 733
14 7742 8041 8881 8019 8909 16263 15770 8564 15594 7231 7019 5995 3947 500
14 15934 3945 12977 3923 13005 16263 3482 12660 3306 15423 2923 1899 8885 4789
14 15934 3945 12977 8019 13005 12167 7578 12660 3306 15423 2923 1899 8925 4789
14 7742 3945 12977 8019 13005 12167 15770 12660 11498 7231 2923 1899 8925 4596
14 11838 8041 8881 8019 13005 12167 7578 12660 7402 11327 7019 5995 3546 693
14 11838 8041 8881 16211 13005 3975 15770 12660 7402 11327 7019 5995 11738 4829
14 3646 8041 8881 8019 13005 12167 15770 12660 15594 3135 7019 5995 11738 4596
14 11838 3945 12977 3923 13005 16263 7578 12660 7402 11327 2923 1899 8692 4789
14 3646 3945 12977 3923 13005 16263 15770 12660 15594 3135 2923 1899 8692 4596
14 11838 8041 8881 8019 8909 16263 7578 12660 7402 11327 7019 5995 3562 693
14 11838 8041 8881 16211 8909 8071 15770 12660 7402 11327 7019 5995 3562 733
14 3646 8041 8881 8019 8909 16263 15770 12660 15594 3135 7019 5995 11754 4596
14 15934 8041 8881 8019 10957 14215 7578 8564 7402 15423 7019 5979 3947 693
14 15934 8041 8881 16211 10957 6023 15770 8564 7402 15423 7019 14171 3947 2781
14 7742 8041 8881 8019 10957 14215 15770 8564 15594 7231 7019 5979 3947 500
14 15934 3945 12977 3923 15053 14215 3482 12660 3306 15423 2923 1883 8885 4789
14 11838 8041 8881 8019 15053 10119 7578 12660 7402 11327 7019 5979 3546 693
14 3646 8041 8881 8019 15053 10119 15770 12660 15594 3135 7019 5979 11738 4596
14 11838 3945 12977 3923 15053 14215 7578 12660 7402 11327 2923 1883 8692 4789
14 3646 3945 12977 3923 15053 14215 15770 12660 15594 3135 2923 1883 8692 4596
14 13886 3945 12977 3923 15053 14215 3482 14708 3306 13375 2923 1498 8885 4789
14 9790 3945 12977 3923 15053 14215 7578 14708 7402 9279 2923 5594 10740 4789
14 13886 3945 12977 3923 13005 16263 3482 14708 3306 13375 2923 1514 8885 4789
14 9790 3945 12977 3923 13005 16263 7578 14708 7402 9279 2923 5610 10740 4789
14 15934 9065 7857 9043 7885 16263 8602 7540 8426 15423 6837 5813 3765 875
14 7742 9065 7857 9043 16077 8071 8602 15732 8426 7231 6837 5813 3765 474
14 15934 15209 7857 16211 7885 15239 9626 1396 8426 15423 6877 13887 11839 7019
14 15934 15209 16049 8019 7885 15239 1434 9588 8426 15423 6877 13887 11839 7079
14 7742 15209 7857 16211 16077 7047 9626 9588 8426 7231 15069 5695 3647 1498
14 7742 7017 16049 8019 16077 15239 9626 9588 8426 7231 15069 5695 3647 1524
14 7742 15209 7857 16211 7885 15239 9626 9588 8426 7231 6877 5695 3647 490
14 15934 7017 11953 8019 11981 15239 5530 9588 4330 15423 10973 13887 2923 3765
14 7742 15209 3761 16211 11981 7047 13722 9588 12522 7231 10973 5695 11115 5594
14 7742 7017 11953 8019 11981 15239 13722 9588 12522 7231 10973 5695 2923 1524
14 7742 15209 3761 16211 3789 15239 13722 9588 12522 7231 2781 5695 11115 4586
14 7742 11113 7857 12115 16077 7047 9626 13684 8426 7231 15069 5695 3765 1498
14 7742 2921 16049 3923 16077 15239 9626 13684 8426 7231 15069 5695 11957 5620
14 7742 11113 7857 12115 7885 15239 9626 13684 8426 7231 6877 5695 3765 490
14 15934 11113 7857 16211 7885 11143 13722 5492 8426 15423 6877 13887 3805 2923
14 15934 11113 16049 8019 7885 11143 5530 13684 8426 15423 6877 13887 3805 2983
14 7742 11113 7857 16211 7885 11143 13722 13684 8426 7231 6877 5695 3805 490
14 15934 7017 16049 3923 11981 15239 1434 13684 4330 15423 10973 13887 11175 7861
14 7742 15209 7857 12115 11981 7047 9626 13684 12522 7231 10973 5695 2983 1498
14 7742 7017 16049 3923 11981 15239 9626 13684 12522 7231 10973 5695 11175 5620
14 3646 15209 3761 16211 16077 2951 13722 13684 12522 3135 15069 1599 9690 5594
14 3646 15209 3761 16211 7885 11143 13722 13684 12522 3135 6877 1599 9690 4586
14 3646 2921 16049 3923 16077 15239 13722 13684 12522 3135 15069 1599 9716 5620
14 3646 11113 7857 12115 7885 15239 13722 13684 12522 3135 6877 1599 9716 4586
14 3646 15209 3761 16211 3789 15239 13722 13684 12522 3135 2781 1599 8682 4586
14 11838 7017 9905 8019 14029 11143 7578 13684 6378 11327 13021 4971 3546 1717
14 3646 15209 1713 16211 5837 11143 15770 13684 14570 3135 4829 13163 11738 6634
14 11838 7017 9905 8019 9933 15239 7578 13684 6378 11327 8925 4971 2538 1717
14 15934 9065 7857 10067 7885 15239 9626 7540 8426 15423 6877 5813 3765 875
14 7742 9065 7857 10067 7885 15239 9626 15732 8426 7231 6877 5813 3765 490
14 15934 15209 5809 16211 7885 13191 11674 1396 10474 15423 6877 14171 11839 7019
14 15934 7017 14001 8019 16077 13191 3482 9588 2282 15423 15069 5979 11839 5813
14 15934 15209 14001 8019 7885 13191 3482 9588 10474 15423 6877 5979 11839 5031
14 7742 15209 5809 16211 16077 4999 11674 9588 10474 7231 15069 14171 3647 3546
14 7742 7017 14001 8019 16077 13191 11674 9588 10474 7231 15069 5979 3647 1524
14 7742 15209 5809 16211 7885 13191 11674 9588 10474 7231 6877 14171 3647 2538
14 15934 7017 9905 8019 11981 13191 7578 9588 6378 15423 10973 5979 2923 1717
14 15934 15209 9905 8019 3789 13191 7578 9588 14570 15423 2781 5979 11115 5031
14 7742 15209 1713 16211 11981 4999 15770 9588 14570 7231 10973 14171 11115 7642
14 7742 7017 9905 8019 11981 13191 15770 9588 14570 7231 10973 5979 2923 1524
14 7742 15209 1713 16211 3789 13191 15770 9588 14570 7231 2781 14171 11115 6634
14 15934 2921 14001 3923 16077 13191 3482 13684 2282 15423 15069 1883 9909 5813
14 15934 15209 1713 16211 7885 9095 15770 1396 14570 15423 6877 14171 12123 7019
14 15934 7017 9905 8019 16077 9095 7578 9588 6378 15423 15069 5979 3931 1717
14 15934 15209 9905 8019 7885 9095 7578 9588 14570 15423 6877 5979 3931 935
14 7742 15209 1713 16211 7885 9095 15770 9588 14570 7231 6877 14171 12123 6634
14 15934 7017 14001 3923 11981 13191 3482 13684 6378 15423 10973 1883 9127 5813
14 15934 15209 14001 3923 3789 13191 3482 13684 14570 15423 2781 1883 9127 5031
14 7742 15209 5809 12115 3789 13191 11674 13684 14570 7231 2781 10075 9127 6634
14 11838 7017 9905 8019 11981 13191 7578 13684 6378 11327 10973 5979 2538 1717
14 3646 15209 1713 16211 3789 13191 15770 13684 14570 3135 2781 14171 10730 6634
14 15934 2921 16049 1875 14029 15239 1434 15732 2282 15423 13021 13223 11957 7861
14 7742 11113 7857 10067 14029 7047 9626 15732 10474 7231 13021 5031 3765 1498
14 3646 15209 3761 14163 5837 11143 13722 15732 14570 3135 4829 9127 9690 6634
14 11838 11113 7857 10067 5837 15239 13722 7540 14570 11327 4829 13223 3572 2923
14 11838 2921 16049 1875 14029 15239 5530 15732 6378 11327 13021 13223 11764 7861
14 9790 7017 9905 8019 9933 15239 7578 15732 6378 9279 8925 4586 2538 1717
14 14910 9065 7857 9043 7885 16263 9626 7540 9450 14399 6644 5813 3765 875
14 14910 873 16049 851 16077 16263 1434 15732 1258 14399 14836 14005 11957 7861
14 15934 3945 12465 3923 12493 16263 3994 12660 3818 3435 2923 1899 8373 4277
14 15934 3945 12465 8019 12493 12167 8090 12660 3818 3435 2923 1899 8413 4277
14 15934 3945 12465 16211 12493 3975 16282 12660 3818 3435 2923 1899 8413 4317
14 7742 3945 12465 8019 12493 12167 16282 12660 12010 3435 2923 1899 8413 4596
14 15934 1897 14513 1875 14541 16263 1946 14708 1770 1387 875 12469 10421 6325
14 15934 1897 14513 3923 14541 14215 3994 14708 1770 1387 875 12509 10421 6325
14 15934 3945 12465 3923 13517 15239 3994 12660 3818 3435 2907 1899 8373 4277
14 15934 3945 12465 8019 13517 11143 8090 12660 3818 3435 7003 1899 9437 4277
14 7742 3945 12465 8019 13517 11143 16282 12660 12010 3435 7003 1899 9437 4596
14 11838 3945 12465 3923 13517 15239 8090 12660 7914 3435 2907 1899 8692 4277
14 3646 3945 12465 3923 13517 15239 16282 12660 16106 3435 2907 1899 8692 4596
14 15934 1897 14513 1875 15565 15239 1946 14708 1770 1387 859 12469 10421 6325
14 13886 1897 14513 1875 15565 15239 3994 14708 3818 1387 859 12788 10421 6325
14 14910 3945 12465 3923 13517 15239 3994 13684 3818 3435 3034 1899 8373 4277
14 14910 3945 12465 8019 13517 11143 8090 13684 3818 3435 7130 1899 9437 4277
14 14910 1897 14513 1875 15565 15239 1946 15732 1770 1387 986 12469 10421 6325
14 14910 3945 12465 3923 15565 13191 3994 13684 3818 3435 3034 1883 8373 4277
14 14910 8041 12465 3923 11469 13191 3994 13684 7914 7531 3034 1883 9127 4277
14 15934 8553 7857 8531 7885 16263 8602 8052 8426 7349 6837 5813 3765 363
14 15422 16233 16049 15699 15565 16263 922 884 746 486 14399 13375 11327 7231
14 7230 16233 7857 15699 15565 8071 9114 9076 8938 8678 6207 5183 3135 986
14 7230 16233 7857 15699 7373 16263 9114 9076 8938 8678 6207 5183 3135 1002
14 15422 14185 16049 13651 15565 16263 922 2932 746 2534 14399 14005 11327 7231
14 15422 5993 16049 5459 15565 16263 922 11124 746 10726 14399 14005 11327 7861
14 15422 14185 7857 13651 15565 8071 9114 2932 8938 2534 14399 5813 11327 5467
14 7230 14185 7857 13651 15565 8071 9114 11124 8938 10726 6207 5813 3135 986
14 7230 14185 7857 13651 7373 16263 9114 11124 8938 10726 6207 5813 3135 1002
14 15422 1897 16049 1363 15565 16263 922 15220 746 14822 14399 14005 11957 7861
14 15422 10089 7857 9555 15565 8071 9114 7028 8938 6630 14399 5813 3765 1371
14 7230 10089 7857 9555 15565 8071 9114 15220 8938 14822 6207 5813 3765 986
14 7230 10089 7857 9555 7373 16263 9114 15220 8938 14822 6207 5813 3765 1002
14 15422 14185 16049 15699 15565 14215 2970 2932 746 486 14399 13533 11327 7231
14 15422 5993 16049 15699 15565 6023 11162 11124 746 486 14399 13533 11327 7389
14 7230 14185 7857 15699 7373 14215 11162 11124 8938 8678 6207 5341 3135 1002
14 15422 10089 16049 11603 15565 14215 2970 7028 746 4582 14399 13533 11957 7231
14 15422 1897 16049 3411 15565 14215 2970 15220 746 12774 14399 13533 11957 7861
14 15422 10089 7857 11603 15565 6023 11162 7028 8938 4582 14399 13533 3765 3419
14 7230 10089 7857 11603 7373 14215 11162 15220 8938 12774 6207 5341 3765 1002
14 7230 10089 16049 3411 7373 14215 11162 15220 8938 12774 6207 5341 11957 5094
14 13630 14185 16049 15699 15565 14215 2970 2932 13035 2534 14399 1756 9535 5439
14 13630 14185 7857 15699 7373 14215 11162 2932 13035 10726 14399 1756 9535 5995
14 13630 14185 16049 7507 7373 14215 2970 11124 13035 10726 14399 1756 9535 6055
14 5438 14185 7857 15699 15565 6023 11162 11124 13035 10726 6207 9948 1343 3034
14 5438 5993 16049 7507 15565 14215 11162 11124 13035 10726 6207 9948 1343 3060
14 13630 14185 7857 15699 7373 14215 11162 11124 13035 10726 6207 1756 9535 5099
14 5438 14185 16049 7507 7373 14215 11162 11124 13035 10726 6207 9948 1343 3046
14 13630 14185 16049 15699 15565 14215 2970 2932 4843 2534 14399 9948 9535 7231
14 5438 5993 16049 15699 15565 6023 11162 11124 4843 10726 14399 9948 1343 3804
14 13630 10089 16049 11603 15565 14215 2970 7028 8939 6630 14399 5852 11957 5439
14 13630 1897 16049 3411 15565 14215 2970 15220 747 14822 14399 14044 11957 7861
14 13630 10089 7857 11603 15565 6023 11162 7028 8939 6630 14399 14044 3765 3419
14 13630 1897 16049 11603 15565 6023 11162 15220 747 6630 14399 14044 11957 7389
14 13630 10089 16049 3411 7373 14215 2970 15220 8939 14822 14399 5852 11957 6055
14 9534 10089 16049 11603 15565 14215 7066 7028 8939 6630 14399 5852 3828 1343
14 9534 10089 7857 11603 7373 14215 15258 7028 8939 14822 14399 5852 3828 1899
14 9534 1897 16049 3411 15565 14215 7066 15220 747 14822 14399 14044 12020 7861
14 9534 10089 7857 11603 15565 6023 15258 7028 8939 6630 14399 14044 3828 3419
14 9534 1897 16049 11603 15565 6023 15258 15220 747 6630 14399 14044 12020 7389
14 9534 10089 16049 3411 7373 14215 7066 15220 8939 14822 14399 5852 12020 6055
14 1342 10089 7857 11603 15565 6023 15258 15220 8939 14822 6207 14044 12020 7130
14 1342 1897 16049 3411 15565 14215 15258 15220 8939 14822 6207 14044 12020 7156
14 9534 10089 7857 11603 7373 14215 15258 15220 8939 14822 6207 5852 3828 1003
14 1342 10089 16049 3411 7373 14215 15258 15220 8939 14822 6207 14044 12020 7142
14 9534 10089 16049 11603 15565 14215 7066 7028 747 6630 14399 14044 12020 7231
14 1342 1897 16049 11603 15565 6023 15258 15220 747 14822 14399 14044 12020 7900
14 1342 1897 16049 3411 15565 14215 15258 15220 747 14822 14399 14044 12020 7924
14 1342 1897 16049 11603 15565 6023 15258 15220 8939 14822 6207 14044 12020 7132
14 9534 10089 16049 11603 7373 14215 7066 7028 8939 14822 14399 5852 3828 1839
14 9534 10089 7857 11603 15565 14215 15258 7028 8939 6630 14399 5852 3828 1403
14 9534 10089 16049 11603 15565 6023 15258 7028 747 6630 14399 14044 12020 7263
14 9534 10089 16049 3411 7373 14215 15258 15220 8939 14822 6207 5852 12020 5095
14 9662 14185 11953 15699 15565 10119 7066 11125 13035 6630 14399 5852 3930 1471
14 9662 14185 3761 15699 7373 10119 15258 2933 13035 14822 14399 5852 12122 5995
14 9662 5993 11953 7507 15565 10119 7066 11125 4843 14822 14399 14044 3930 3765
14 9662 14185 3761 15699 15565 1927 15258 2933 13035 6630 14399 14044 12122 7515
14 9662 5993 11953 15699 15565 1927 15258 11125 4843 6630 14399 14044 12122 7389
14 1470 14185 11953 7507 7373 10119 15258 11125 13035 14822 6207 14044 12122 7142
14 1470 14185 3761 15699 15565 1927 15258 2933 13035 14822 14399 14044 12122 8026
14 1470 5993 11953 7507 15565 10119 15258 11125 4843 14822 14399 14044 12122 7924
14 1470 5993 11953 7507 15565 10119 15258 11125 13035 14822 6207 14044 12122 7156
14 1470 5993 11953 15699 15565 1927 15258 11125 13035 14822 6207 14044 12122 7132
14 1470 14185 3761 15699 7373 10119 15258 11125 13035 14822 6207 14044 12122 7146
14 9662 5993 11953 15699 15565 10119 7066 11125 4843 6630 14399 14044 3930 3261
14 9662 5993 11953 15699 15565 1927 15258 11125 13035 7654 6719 14044 12122 6621
14 9662 5993 11953 15699 15565 10119 15258 11125 13035 7654 6719 14044 3930 2557
14 9662 14185 3761 15699 15565 1927 15258 11125 13035 7654 6719 14044 12122 6619
14 9662 14185 16049 15699 11725 14215 7066 11125 8955 6630 14399 5852 3694 1471
14 1470 5993 16049 7507 11725 14215 15258 11125 8955 14822 6207 14044 11886 7156
14 15422 16233 15025 15699 14541 16263 1946 884 1770 1510 15211 13375 11327 7231
14 15422 8041 15025 7507 14541 16263 1946 9076 1770 9702 7019 13375 11327 6837
14 15422 16233 6833 15699 14541 8071 10138 884 9962 1510 15211 13375 11327 7515
14 15422 8041 15025 15699 14541 8071 10138 9076 1770 1510 7019 13375 11327 6365
14 7230 8041 15025 7507 14541 16263 10138 9076 9962 9702 7019 5183 3135 1012
14 7230 16233 6833 15699 6349 16263 10138 9076 9962 9702 15211 5183 3135 2026
14 15422 3945 15025 3411 14541 16263 1946 13172 1770 13798 2923 13375 10933 6837
14 15422 8041 10929 7507 14541 12167 6042 9076 5866 9702 7019 13375 3419 2741
14 15422 16233 2737 15699 14541 3975 14234 884 14058 1510 15211 13375 11611 7515
14 15422 8041 10929 15699 14541 3975 14234 9076 5866 1510 7019 13375 11611 6365
14 7230 8041 10929 7507 14541 12167 14234 9076 14058 9702 7019 5183 3419 1012
14 15422 3945 15025 7507 14541 12167 6042 13172 1770 9702 2923 13375 10461 6837
14 15422 3945 15025 15699 14541 3975 14234 13172 1770 1510 2923 13375 10461 6365
14 7230 3945 15025 7507 14541 12167 14234 13172 9962 9702 2923 5183 10461 5108
14 11326 3945 15025 3411 14541 16263 6042 13172 5866 13798 2923 9279 9204 6837
14 15422 16233 12977 15699 12493 16263 3994 884 3818 3558 15211 14187 11327 7231
14 15422 8041 12977 7507 12493 16263 3994 9076 3818 11750 7019 5995 11327 4789
14 15422 16233 4785 15699 12493 8071 12186 884 12010 3558 15211 14187 11327 7515
14 15422 8041 12977 15699 12493 8071 12186 9076 3818 3558 7019 5995 11327 4317
14 7230 8041 12977 7507 12493 16263 12186 9076 12010 11750 7019 5995 3135 1012
14 15422 16233 8881 15699 8397 16263 8090 884 7914 7654 15211 14187 12139 7231
14 15422 8041 8881 7507 8397 16263 8090 9076 7914 15846 7019 5995 3947 693
14 15422 8041 8881 15699 8397 8071 16282 9076 7914 7654 7019 5995 3947 221
14 7230 8041 8881 7507 8397 16263 16282 9076 16106 15846 7019 5995 3947 1012
14 15422 3945 12977 3411 12493 16263 3994 13172 3818 15846 2923 1899 8885 4789
14 15422 8041 8881 7507 12493 12167 8090 9076 7914 11750 7019 5995 3419 693
14 15422 8041 8881 15699 12493 3975 16282 9076 7914 3558 7019 5995 11611 4317
14 7230 8041 8881 7507 12493 12167 16282 9076 16106 11750 7019 5995 3419 1012
14 15422 3945 12977 7507 12493 12167 8090 13172 3818 11750 2923 1899 8413 4789
14 15422 3945 12977 15699 12493 3975 16282 13172 3818 3558 2923 1899 8413 4317
14 11326 3945 12977 3411 12493 16263 8090 13172 7914 15846 2923 1899 9204 4789
14 11326 3945 12977 11603 12493 8071 16282 13172 7914 7654 2923 1899 9204 4317
14 3134 3945 12977 3411 12493 16263 16282 13172 16106 15846 2923 1899 9204 5108
14 11326 16233 8881 15699 8397 16263 8090 4980 7914 7654 15211 14187 4074 3135
14 11326 8041 8881 7507 8397 16263 8090 13172 7914 15846 7019 5995 4074 693
14 11326 8041 8881 15699 8397 8071 16282 13172 7914 7654 7019 5995 4074 221
14 3134 8041 8881 7507 8397 16263 16282 13172 16106 15846 7019 5995 12266 5108
14 15422 3945 12977 3411 14541 14215 3994 13172 3818 13798 2923 1371 8885 4789
14 15422 8041 8881 7507 14541 10119 8090 9076 7914 9702 7019 5467 3419 693
14 15422 8041 8881 15699 14541 1927 16282 9076 7914 1510 7019 13659 11611 6365
14 7230 8041 8881 7507 14541 10119 16282 9076 16106 9702 7019 5467 3419 1012
14 15422 3945 12977 7507 14541 10119 8090 13172 3818 9702 2923 5467 10461 4789
14 15422 3945 12977 15699 14541 1927 16282 13172 3818 1510 2923 13659 10461 6365
14 15422 16233 15025 13651 12493 16263 1946 2932 3818 3558 15211 14247 11327 7231
14 15422 8041 15025 5459 12493 16263 1946 11124 3818 11750 7019 14247 11327 6837
14 15422 8041 15025 13651 12493 8071 10138 11124 3818 3558 7019 6055 11327 4317
14 7230 16233 6833 13651 12493 8071 10138 11124 12010 11750 15211 6055 3135 2010
14 15422 16233 10929 13651 8397 16263 6042 2932 7914 7654 15211 14247 12139 7231
14 15422 8041 10929 5459 8397 16263 6042 11124 7914 15846 7019 14247 3947 2741
14 15422 16233 2737 13651 8397 8071 14234 2932 16106 7654 15211 6055 12139 5467
14 15422 8041 10929 13651 8397 8071 14234 11124 7914 7654 7019 6055 3947 221
14 7230 8041 10929 5459 8397 16263 14234 11124 16106 15846 7019 14247 3947 3060
14 15422 3945 15025 1363 12493 16263 1946 15220 3818 15846 2923 14247 10933 6837
14 15422 12137 6833 9555 12493 8071 10138 7028 12010 7654 11115 6055 2741 1371
14 15422 3945 15025 9555 12493 8071 10138 15220 3818 7654 2923 6055 10933 4317
14 15422 3945 15025 13651 12493 3975 14234 15220 3818 3558 2923 1959 8413 4317
14 11326 16233 10929 13651 8397 16263 6042 7028 7914 7654 15211 14247 4074 3135
14 11326 8041 10929 5459 8397 16263 6042 15220 7914 15846 7019 14247 4074 2741
14 11326 16233 2737 13651 8397 8071 14234 7028 16106 7654 15211 6055 12266 5467
14 11326 8041 10929 13651 8397 8071 14234 15220 7914 7654 7019 6055 4074 221
14 3134 16233 2737 13651 8397 8071 14234 15220 16106 15846 15211 6055 12266 6106
14 13374 16233 12977 15699 14541 14215 3994 2932 3818 3558 15211 2010 9279 5183
14 13374 8041 12977 7507 14541 14215 3994 11124 3818 11750 7019 2010 9279 4789
14 13374 8041 12977 15699 14541 6023 12186 11124 3818 3558 7019 10202 9279 6365
14 13374 16233 8881 15699 10445 14215 8090 2932 7914 7654 15211 6106 12139 5183
14 13374 8041 8881 7507 10445 14215 8090 11124 7914 15846 7019 6106 3947 693
14 13374 8041 8881 15699 10445 6023 16282 11124 7914 7654 7019 14298 3947 2269
14 13374 16233 8881 7507 2253 14215 8090 11124 16106 15846 15211 6106 12139 6055
14 5182 8041 8881 7507 10445 14215 16282 11124 16106 15846 7019 14298 3947 3060
14 13374 3945 12977 3411 14541 14215 3994 15220 3818 15846 2923 2010 8885 4789
14 13374 16233 8881 15699 14541 10119 8090 2932 7914 3558 15211 6106 11611 5183
14 13374 8041 8881 7507 14541 10119 8090 11124 7914 11750 7019 6106 3419 693
14 13374 8041 12977 3411 10445 14215 3994 15220 7914 15846 7019 2010 10151 4789
14 13374 16233 4785 11603 10445 6023 12186 7028 16106 7654 15211 10202 1959 3419
14 13374 8041 12977 11603 10445 6023 12186 15220 7914 7654 7019 10202 1959 2269
14 5182 8041 12977 3411 10445 14215 12186 15220 16106 15846 7019 10202 10151 7156
14 9278 16233 8881 15699 10445 14215 8090 7028 7914 7654 15211 6106 4074 1087
14 9278 8041 8881 7507 10445 14215 8090 15220 7914 15846 7019 6106 4074 693
14 9278 16233 12977 11603 10445 14215 8090 7028 7914 7654 15211 6106 4070 1087
14 9278 8041 12977 3411 10445 14215 8090 15220 7914 15846 7019 6106 12262 4789
14 9278 16233 4785 11603 10445 6023 16282 7028 16106 7654 15211 14298 4070 3419
14 9278 16233 12977 3411 2253 14215 8090 15220 16106 15846 15211 6106 12262 6055
14 13374 10089 6833 9555 14541 8071 12186 7028 12010 7654 9067 5108 2741 1371
14 13374 8041 12977 7507 12493 16263 3994 11124 3818 11750 7019 2026 9279 4789
14 13374 8041 12977 15699 12493 8071 12186 11124 3818 3558 7019 2026 9279 4317
14 13374 3945 12977 3411 12493 16263 3994 15220 3818 15846 2923 2026 8885 4789
14 13374 16233 8881 15699 12493 12167 8090 2932 7914 3558 15211 6122 11611 5183
14 13374 8041 8881 7507 12493 12167 8090 11124 7914 11750 7019 6122 3419 693
14 13374 8041 8881 15699 12493 3975 16282 11124 7914 3558 7019 6122 11611 4317
14 13374 3945 12977 7507 12493 12167 8090 15220 3818 11750 2923 2026 8413 4789
14 13374 3945 12977 15699 12493 3975 16282 15220 3818 3558 2923 2026 8413 4317
14 9278 16233 8881 15699 8397 16263 8090 7028 7914 7654 15211 6122 4074 1087
14 9278 8041 8881 7507 8397 16263 8090 15220 7914 15846 7019 6122 4074 693
14 9278 8041 8881 15699 8397 8071 16282 15220 7914 7654 7019 6122 4074 221
14 13374 16233 15025 13651 12493 16263 3994 2932 3818 3558 15211 2022 9279 5183
14 13374 8041 15025 5459 12493 16263 3994 11124 3818 11750 7019 10214 9279 6837
14 13374 16233 6833 13651 12493 8071 12186 2932 12010 3558 15211 2022 9279 5467
14 13374 8041 15025 13651 12493 8071 12186 11124 3818 3558 7019 2022 9279 4317
14 13374 16233 10929 13651 8397 16263 8090 2932 7914 7654 15211 6118 12139 5183
14 13374 8041 10929 5459 8397 16263 8090 11124 7914 15846 7019 14310 3947 2741
14 13374 16233 2737 13651 8397 8071 16282 2932 16106 7654 15211 6118 12139 5467
14 13374 8041 10929 13651 8397 8071 16282 11124 7914 7654 7019 6118 3947 221
14 5182 8041 10929 5459 8397 16263 16282 11124 16106 15846 7019 14310 3947 3060
14 13374 3945 15025 1363 12493 16263 3994 15220 3818 15846 2923 14310 10933 6837
14 13374 12137 6833 9555 12493 8071 12186 7028 12010 7654 11115 6118 2741 1371
14 13374 3945 15025 9555 12493 8071 12186 15220 3818 7654 2923 6118 10933 4317
14 13374 16233 2737 13651 12493 3975 16282 2932 16106 3558 15211 2022 9563 5467
14 13374 8041 10929 13651 12493 3975 16282 11124 7914 3558 7019 2022 9563 4317
14 13374 3945 15025 13651 12493 3975 16282 15220 3818 3558 2923 2022 8413 4317
14 9278 12137 15025 9555 12493 16263 8090 7028 7914 7654 11115 6118 3060 1087
14 9278 3945 15025 1363 12493 16263 8090 15220 7914 15846 2923 14310 11252 6837
14 9278 12137 6833 9555 12493 8071 16282 7028 16106 7654 11115 6118 3060 1371
14 9278 3945 15025 9555 12493 8071 16282 15220 7914 7654 2923 6118 11252 4317
14 9278 16233 10929 13651 8397 16263 8090 7028 7914 7654 15211 6118 4074 1087
14 9278 8041 10929 5459 8397 16263 8090 15220 7914 15846 7019 14310 4074 2741
14 9278 16233 2737 13651 8397 8071 16282 7028 16106 7654 15211 6118 12266 5467
14 9278 8041 10929 13651 8397 8071 16282 15220 7914 7654 7019 6118 4074 221
14 1086 8041 10929 5459 8397 16263 16282 15220 16106 15846 7019 14310 12266 7156
14 9278 16233 15025 9555 8397 16263 8090 7028 7914 7654 15211 6118 4070 1087
14 9278 8041 15025 1363 8397 16263 8090 15220 7914 15846 7019 14310 12262 6837
14 9278 16233 6833 9555 8397 8071 16282 7028 16106 7654 15211 6118 4070 1371
14 9278 8041 15025 9555 8397 8071 16282 15220 7914 7654 7019 6118 4070 221
14 1086 8041 15025 1363 8397 16263 16282 15220 16106 15846 7019 14310 12262 7156
14 15422 9065 7857 8531 7373 16263 9114 8052 8938 15846 6837 5813 3765 875
14 15422 9065 7857 8531 15565 8071 9114 8052 8938 7654 6837 5813 3765 347
14 7230 9065 7857 8531 7373 16263 9114 16244 8938 15846 6837 5813 3765 1002
14 15422 13161 3761 12627 15565 3975 13210 3956 13034 3558 2741 1717 8539 4443
14 14398 16233 12977 15699 14541 14215 3994 1908 3818 1510 3050 13659 10303 6207
14 14398 8041 12977 7507 14541 14215 3994 10100 3818 9702 3050 5467 10303 4789
14 14398 3945 12977 3411 14541 14215 3994 14196 3818 13798 3050 1371 8885 4789
14 14398 16233 8881 15699 14541 10119 8090 1908 7914 1510 7146 13659 11611 6207
14 14398 8041 8881 7507 14541 10119 8090 10100 7914 9702 7146 5467 3419 693
14 12350 16233 12977 15699 12493 16263 3994 3956 3818 3558 3050 2026 8255 4159
14 12350 8041 12977 7507 12493 16263 3994 12148 3818 11750 3050 2026 8255 4789
14 12350 8041 12977 15699 12493 8071 12186 12148 3818 3558 3050 2026 8255 4317
14 12350 3945 12977 3411 12493 16263 3994 16244 3818 15846 3050 2026 8885 4789
14 12350 16233 8881 15699 12493 12167 8090 3956 7914 3558 7146 6122 11611 4159
14 12350 8041 8881 7507 12493 12167 8090 12148 7914 11750 7146 6122 3419 693
14 8254 16233 8881 15699 8397 16263 8090 8052 7914 7654 7146 6122 4074 63
14 8254 8041 8881 7507 8397 16263 8090 16244 7914 15846 7146 6122 4074 693
14 12350 16233 15025 13651 12493 16263 3994 3956 3818 3558 3050 2022 8255 4159
14 12350 8041 15025 13651 12493 8071 12186 12148 3818 3558 3050 2022 8255 4317
14 12350 12137 15025 9555 12493 16263 3994 8052 3818 7654 3050 6118 10933 4159
14 12350 3945 15025 1363 12493 16263 3994 16244 3818 15846 3050 14310 10933 6837
14 12350 12137 6833 9555 12493 8071 12186 8052 12010 7654 11242 6118 2741 1371
14 8254 16233 10929 13651 8397 16263 8090 8052 7914 7654 7146 6118 4074 63
14 8254 8041 10929 5459 8397 16263 8090 16244 7914 15846 7146 14310 4074 2741
14 8254 16233 2737 13651 8397 8071 16282 8052 16106 7654 15338 6118 12266 5467
14 14398 15209 16049 15699 15565 15239 1946 1908 1770 1510 988 12351 10303 6207
14 14398 15209 14001 15699 13517 15239 3994 1908 3818 3558 988 13163 10303 6207
14 14398 7017 14001 7507 13517 15239 3994 10100 3818 11750 9180 4971 10303 5813
14 14398 15209 9905 15699 9421 15239 8090 1908 7914 7654 988 13163 11115 6207
14 14398 15209 1713 15699 1229 15239 16282 1908 16106 15846 988 13163 11115 7019
14 14398 7017 9905 7507 9421 15239 8090 10100 7914 15846 9180 4971 2923 1717
14 14398 15209 9905 15699 13517 11143 8090 1908 7914 3558 5084 13163 11611 6207
14 14398 15209 1713 15699 5325 11143 16282 1908 16106 11750 5084 13163 11611 7019
14 14398 7017 9905 7507 13517 11143 8090 10100 7914 11750 13276 4971 3419 1717
14 14398 7017 9905 15699 13517 2951 16282 10100 7914 3558 13276 4971 11611 5341
14 6206 7017 9905 7507 13517 11143 16282 10100 16106 11750 13276 4971 3419 2036
14 12350 15209 14001 15699 15565 13191 3994 3956 3818 3558 3036 2010 8255 4159
14 12350 15209 9905 15699 11469 13191 8090 3956 7914 7654 3036 6106 11115 4159
14 12350 15209 1713 15699 3277 13191 16282 3956 16106 15846 3036 14298 11115 7019
14 12350 7017 9905 7507 11469 13191 8090 12148 7914 15846 11228 6106 2923 1717
14 12350 15209 1713 15699 11469 4999 16282 3956 16106 7654 11228 14298 11115 7515
14 12350 7017 9905 15699 11469 4999 16282 12148 7914 7654 11228 14298 2923 3293
14 12350 15209 9905 7507 3277 13191 8090 12148 16106 15846 3036 6106 11115 5031
14 12350 11113 14001 11603 15565 13191 3994 8052 3818 7654 7132 2010 9909 4159
14 12350 2921 14001 3411 15565 13191 3994 16244 3818 15846 15324 2010 9909 5813
14 12350 15209 9905 15699 15565 9095 8090 3956 7914 3558 7132 6106 11611 4159
14 12350 7017 9905 7507 15565 9095 8090 12148 7914 11750 15324 6106 3419 1717
14 12350 15209 1713 15699 15565 903 16282 3956 16106 3558 15324 14298 11611 7515
14 8254 15209 9905 15699 15565 9095 8090 8052 7914 7654 7132 6106 4058 63
14 8254 15209 1713 15699 7373 9095 16282 8052 16106 15846 7132 14298 12250 7019
14 8254 7017 9905 7507 15565 9095 8090 16244 7914 15846 15324 6106 4058 1717
14 8254 15209 1713 15699 15565 903 16282 8052 16106 7654 15324 14298 12250 7515
14 8254 11113 14001 11603 15565 13191 8090 8052 7914 7654 7132 6106 4084 63
14 8254 11113 5809 11603 7373 13191 16282 8052 16106 15846 7132 14298 4084 2923
14 8254 2921 14001 3411 15565 13191 8090 16244 7914 15846 15324 6106 12276 5813
14 8254 2921 14001 11603 15565 4999 16282 16244 7914 7654 15324 14298 12276 7389
14 8254 15209 9905 15699 11469 13191 8090 8052 7914 7654 7132 6106 4074 63
14 8254 15209 1713 15699 3277 13191 16282 8052 16106 15846 7132 14298 12266 7019
14 8254 7017 9905 7507 11469 13191 8090 16244 7914 15846 15324 6106 4074 1717
14 8254 7017 9905 15699 11469 4999 16282 16244 7914 7654 15324 14298 4074 3293
14 14398 13161 16049 15699 15565 15239 1946 3956 1770 1510 3036 13501 10303 6207
14 14398 13161 7857 15699 7373 15239 10138 3956 9962 9702 3036 5309 10303 4971
14 14398 9065 16049 11603 15565 15239 1946 8052 1770 5606 7132 13501 11957 6207
14 14398 9065 7857 11603 7373 15239 10138 8052 9962 13798 7132 5309 3765 875
14 14398 873 16049 3411 15565 15239 1946 16244 1770 13798 15324 13501 11957 7861
14 14398 873 16049 11603 15565 7047 10138 16244 1770 5606 15324 13501 11957 7389
14 6206 9065 7857 11603 15565 7047 10138 16244 9962 13798 15324 5309 3765 2010
14 6206 9065 16049 3411 7373 15239 10138 16244 9962 13798 15324 5309 11957 6118
14 14398 13161 11953 15699 15565 11143 6042 3956 5866 1510 7132 13501 11611 6207
14 14398 4969 11953 7507 15565 11143 6042 12148 5866 9702 15324 13501 3419 3765
14 14398 13161 3761 15699 15565 2951 14234 3956 14058 1510 15324 13501 11611 7515
14 14398 4969 11953 15699 15565 2951 14234 12148 5866 1510 15324 13501 11611 7389
14 14398 13161 11953 7507 7373 11143 6042 12148 14058 9702 7132 13501 3419 2983
14 6206 13161 3761 15699 7373 11143 14234 12148 14058 9702 15324 5309 11611 6122
14 10302 9065 16049 11603 15565 15239 6042 8052 5866 5606 7132 13501 4084 2111
14 10302 873 16049 3411 15565 15239 6042 16244 5866 13798 15324 13501 12276 7861
14 10302 9065 7857 11603 15565 7047 14234 8052 14058 5606 15324 13501 4084 3419
14 10302 873 16049 11603 15565 7047 14234 16244 5866 5606 15324 13501 12276 7389
14 10302 9065 16049 3411 7373 15239 6042 16244 14058 13798 7132 13501 12276 7079
14 2110 873 16049 3411 15565 15239 14234 16244 14058 13798 15324 13501 12276 8180
14 2110 9065 7857 11603 7373 15239 14234 16244 14058 13798 15324 5309 12276 6122
14 2110 873 16049 11603 15565 7047 14234 16244 14058 13798 15324 13501 12276 8156
14 10302 13161 11953 15699 11469 15239 6042 8052 5866 5606 7132 9405 2026 2111
14 10302 13161 3761 15699 3277 15239 14234 8052 14058 13798 7132 1213 10218 4971
14 10302 4969 11953 7507 11469 15239 6042 16244 5866 13798 15324 9405 2026 3765
14 2110 13161 3761 15699 11469 7047 14234 16244 14058 13798 15324 1213 10218 6106
14 2110 13161 3761 15699 3277 15239 14234 16244 14058 13798 15324 1213 10218 6122
14 10302 4969 11953 15699 11469 15239 6042 16244 5866 5606 15324 9405 2026 3261
14 14398 13161 16049 15699 11469 15239 1946 3956 5866 5606 3036 13501 11055 6207
14 14398 4969 16049 7507 11469 15239 1946 12148 5866 13798 11228 13501 11055 7861
14 14398 13161 7857 15699 11469 7047 10138 3956 14058 5606 11228 13501 11055 7515
14 6206 13161 7857 15699 3277 15239 10138 12148 14058 13798 11228 5309 11055 6122
14 14398 13161 16049 7507 11469 15239 1946 12148 5866 13798 3036 13501 11055 6839
14 14398 13161 7857 15699 11469 15239 10138 3956 14058 5606 3036 13501 11055 6523
14 6270 4969 16049 7507 11469 15239 1947 12148 14058 13798 11228 13501 11055 8116
14 15422 15209 16049 15699 15565 16263 922 1908 746 486 14525 13375 11327 7231
14 7230 15209 7857 15699 15565 8071 9114 10100 8938 8678 6333 5183 3135 986
14 7230 15209 7857 15699 7373 16263 9114 10100 8938 8678 6333 5183 3135 1002
14 7230 15209 16049 7507 7373 16263 9114 10100 8938 8678 6333 5183 3135 998
14 15422 7017 16049 15699 15565 16263 922 10100 746 486 14525 13375 11327 7357
14 15422 15209 11953 15699 11469 16263 5018 1908 4842 4582 10429 13375 11115 7231
14 15422 7017 11953 7507 11469 16263 5018 10100 4842 12774 10429 13375 2923 3765
14 15422 15209 3761 15699 11469 8071 13210 1908 13034 4582 10429 13375 11115 7515
14 15422 7017 11953 15699 11469 8071 13210 10100 4842 4582 10429 13375 2923 3293
14 7230 15209 3761 15699 3277 16263 13210 10100 13034 12774 2237 5183 11115 5098
14 15422 11113 16049 11603 15565 16263 922 6004 746 4582 14525 13375 11957 7231
14 15422 2921 16049 3411 15565 16263 922 14196 746 12774 14525 13375 11957 7861
14 7230 11113 7857 11603 15565 8071 9114 14196 8938 12774 6333 5183 3765 986
14 7230 11113 7857 11603 7373 16263 9114 14196 8938 12774 6333 5183 3765 1002
14 15422 2921 16049 11603 15565 16263 922 14196 746 4582 14525 13375 11957 7357
14 15422 11113 16049 15699 15565 12167 5018 6004 746 486 14525 13375 11485 7231
14 15422 2921 16049 7507 15565 12167 5018 14196 746 8678 14525 13375 11485 7861
14 7230 11113 7857 15699 7373 12167 13210 14196 8938 8678 6333 5183 3293 1002
14 7230 11113 16049 7507 7373 12167 13210 14196 8938 8678 6333 5183 3293 998
14 15422 2921 16049 15699 15565 12167 5018 14196 746 486 14525 13375 11485 7357
14 7230 11113 7857 15699 15565 8071 9114 14196 8938 8678 6333 5183 3261 986
14 7230 11113 7857 15699 7373 16263 9114 14196 8938 8678 6333 5183 3261 1002
14 7230 11113 16049 7507 7373 16263 9114 14196 8938 8678 6333 5183 3261 998
14 15422 2921 16049 15699 15565 16263 922 14196 746 486 14525 13375 11453 7357
14 15422 9065 7857 9555 7373 16263 9114 8052 8938 14822 6333 5813 3765 875
14 15422 873 16049 1363 15565 16263 922 16244 746 14822 14525 14005 11957 7861
14 15422 9065 7857 9555 15565 8071 9114 8052 8938 6630 14525 5813 3765 1371
14 7230 9065 7857 9555 7373 16263 9114 16244 8938 14822 6333 5813 3765 1002
14 11326 13161 16049 9555 11469 16263 5018 8052 4842 6630 10429 14005 3046 3135
14 11326 4969 16049 1363 11469 16263 5018 16244 4842 14822 10429 14005 11238 7861
14 11326 13161 7857 9555 11469 8071 13210 8052 13034 6630 10429 5813 3046 1371
14 3134 13161 7857 9555 3277 16263 13210 16244 13034 14822 2237 5813 11238 5098
14 15422 9065 7857 13651 7373 16263 9114 8052 8938 10726 6333 5813 3261 875
14 15422 873 16049 5459 15565 16263 922 16244 746 10726 14525 14005 11453 7861
14 7230 9065 7857 13651 7373 16263 9114 16244 8938 10726 6333 5813 3261 1002
14 15422 873 16049 13651 15565 16263 922 16244 746 2534 14525 14005 11453 7357
14 15422 15209 14001 15699 15565 14215 2970 1908 2794 486 14525 13659 11327 7231
14 15422 7017 14001 7507 15565 14215 2970 10100 2794 8678 14525 5467 11327 5813
14 15422 15209 5809 15699 15565 6023 11162 1908 10986 486 14525 13659 11327 7515
14 15422 7017 14001 15699 15565 6023 11162 10100 2794 486 14525 13659 11327 7389
14 7230 15209 5809 15699 15565 6023 11162 10100 10986 8678 6333 13659 3135 3034
14 7230 15209 14001 7507 7373 14215 11162 10100 10986 8678 6333 5467 3135 998
14 15422 7017 9905 7507 15565 10119 7066 10100 6890 8678 14525 5467 3419 1717
14 15422 15209 1713 15699 15565 1927 15258 1908 15082 486 14525 13659 11611 7515
14 11326 15209 9905 15699 11469 14215 7066 6004 6890 4582 10429 13659 3050 3135
14 11326 15209 1713 15699 3277 14215 15258 6004 15082 12774 2237 13659 11242 7019
14 11326 7017 9905 7507 11469 14215 7066 14196 6890 12774 10429 5467 3050 1717
14 11326 15209 1713 15699 11469 6023 15258 6004 15082 4582 10429 13659 11242 7515
14 3134 15209 1713 15699 3277 14215 15258 14196 15082 12774 2237 13659 11242 7146
14 3134 15209 9905 7507 3277 14215 15258 14196 15082 12774 2237 5467 11242 5094
14 11326 7017 9905 15699 11469 14215 7066 14196 6890 4582 10429 13659 3050 3261
14 15422 15209 16049 13651 13517 16263 922 3956 2794 2534 14525 14247 11327 7231
14 15422 15209 7857 13651 5325 16263 9114 3956 10986 10726 6333 14247 11327 7019
14 15422 7017 16049 5459 13517 16263 922 12148 2794 10726 14525 14247 11327 7861
14 15422 15209 7857 13651 13517 8071 9114 3956 10986 2534 14525 6055 11327 5467
14 15422 7017 16049 13651 13517 8071 9114 12148 2794 2534 14525 6055 11327 5341
14 7230 15209 7857 13651 13517 8071 9114 12148 10986 10726 6333 6055 3135 986
14 7230 15209 7857 13651 5325 16263 9114 12148 10986 10726 6333 14247 3135 3050
14 7230 15209 16049 5459 5325 16263 9114 12148 10986 10726 6333 14247 3135 3046
14 15422 7017 16049 13651 13517 16263 922 12148 2794 2534 14525 14247 11327 7357
14 15422 2921 16049 1363 13517 16263 922 16244 2794 14822 14525 14247 11957 7861
14 15422 11113 7857 9555 13517 8071 9114 8052 10986 6630 14525 6055 3765 1371
14 15422 2921 16049 9555 13517 8071 9114 16244 2794 6630 14525 6055 11957 5341
14 7230 11113 7857 9555 13517 8071 9114 16244 10986 14822 6333 6055 3765 986
14 7230 11113 16049 1363 5325 16263 9114 16244 10986 14822 6333 14247 11957 7142
14 15422 15209 3761 13651 13517 3975 13210 3956 15082 2534 14525 1959 9563 5467
14 15422 7017 11953 13651 13517 3975 13210 12148 6890 2534 14525 1959 9563 5341
14 15422 2921 16049 13651 13517 3975 13210 16244 2794 2534 14525 1959 9437 5341
14 7230 11113 7857 13651 13517 3975 13210 16244 10986 10726 6333 1959 9437 5082
14 15422 15209 16049 9555 9421 16263 922 8052 6890 6630 14525 14247 12199 7231
14 15422 7017 16049 1363 9421 16263 922 16244 6890 14822 14525 14247 12199 7861
14 15422 15209 7857 9555 9421 8071 9114 8052 15082 6630 14525 6055 4007 1371
14 15422 7017 16049 9555 9421 8071 9114 16244 6890 6630 14525 6055 4007 1245
14 15422 15209 16049 1363 1229 16263 922 16244 15082 14822 14525 14247 12199 8103
14 7230 15209 7857 9555 1229 16263 9114 16244 15082 14822 6333 14247 12199 7146
14 11326 11113 16049 9555 13517 16263 5018 8052 6890 6630 14525 14247 4084 3135
14 11326 2921 16049 1363 13517 16263 5018 16244 6890 14822 14525 14247 12276 7861
14 11326 11113 7857 9555 13517 8071 13210 8052 15082 6630 14525 6055 4084 1371
14 11326 11113 16049 1363 5325 16263 5018 16244 15082 14822 14525 14247 12276 8103
14 3134 11113 7857 9555 5325 16263 13210 16244 15082 14822 6333 14247 12276 7146
14 11326 7017 11953 5459 9421 16263 5018 16244 6890 14822 10429 14247 3050 3765
14 11326 15209 3761 13651 9421 8071 13210 8052 15082 6630 10429 6055 11242 5467
14 11326 7017 11953 13651 9421 8071 13210 16244 6890 6630 10429 6055 3050 1245
14 3134 15209 3761 13651 9421 8071 13210 16244 15082 14822 2237 6055 11242 5082
14 3134 15209 3761 13651 1229 16263 13210 16244 15082 14822 2237 14247 11242 7146
14 3134 15209 11953 5459 1229 16263 13210 16244 15082 14822 2237 14247 11242 7142
14 11326 7017 11953 13651 9421 16263 5018 16244 6890 6630 10429 14247 3050 3261
14 9278 15209 9905 15699 9421 16263 7066 8052 6890 6630 8381 5098 3050 1087
14 9278 7017 9905 7507 9421 16263 7066 16244 6890 14822 8381 5098 3050 1717
14 1086 15209 1713 15699 1229 16263 15258 16244 15082 14822 189 13290 11242 7146
14 9278 7017 9905 15699 9421 16263 7066 16244 6890 6630 8381 5098 3050 1213
14 15422 15209 14001 15699 15565 14215 2970 1908 2794 2534 12477 13147 11327 7231
14 15422 15209 5809 15699 7373 14215 11162 1908 10986 10726 4285 13147 11327 7019
14 15422 7017 14001 7507 15565 14215 2970 10100 2794 10726 12477 4955 11327 5813
14 15422 15209 5809 15699 15565 6023 11162 1908 10986 2534 12477 13147 11327 7515
14 15422 7017 14001 15699 15565 6023 11162 10100 2794 2534 12477 13147 11327 7389
14 15422 15209 14001 7507 7373 14215 2970 10100 10986 10726 12477 4955 11327 6055
14 7230 15209 5809 15699 15565 6023 11162 10100 10986 10726 4285 13147 3135 3034
14 7230 7017 14001 7507 15565 14215 11162 10100 10986 10726 12477 4955 3135 2036
14 7230 15209 5809 15699 7373 14215 11162 10100 10986 10726 4285 13147 3135 3050
14 7230 15209 14001 7507 7373 14215 11162 10100 10986 10726 4285 13147 3135 3046
14 15422 7017 14001 15699 15565 14215 2970 10100 2794 2534 12477 4955 11327 5309
14 15422 15209 5809 15699 15565 6023 11162 1908 10986 10726 4285 13147 11327 7003
14 15422 15209 1713 15699 3277 14215 15258 1908 15082 14822 189 13147 11115 7019
14 15422 7017 9905 7507 11469 14215 7066 10100 6890 14822 8381 4955 2923 1717
14 7230 15209 1713 15699 11469 6023 15258 10100 15082 14822 189 13147 11115 7130
14 7230 15209 1713 15699 3277 14215 15258 10100 15082 14822 189 13147 11115 7146
14 15422 2921 14001 3411 15565 14215 2970 14196 2794 14822 12477 859 9909 5813
14 15422 2921 14001 11603 15565 14215 2970 14196 2794 6630 12477 859 9909 5309
14 15422 15209 1713 15699 7373 10119 15258 1908 15082 10726 4285 13147 11611 7019
14 15422 7017 9905 7507 15565 10119 7066 10100 6890 10726 12477 4955 3419 1717
14 15422 15209 1713 15699 15565 1927 15258 1908 15082 2534 12477 13147 11611 7515
14 7230 15209 1713 15699 7373 10119 15258 10100 15082 10726 4285 13147 11611 7146
14 7230 15209 9905 7507 7373 10119 15258 10100 15082 10726 4285 13147 3419 3046
14 15422 7017 9905 15699 15565 10119 7066 10100 6890 2534 12477 4955 11611 5309
14 15422 15209 1713 15699 15565 1927 15258 1908 15082 10726 4285 13147 11611 7003
14 11326 7017 9905 7507 11469 14215 7066 14196 6890 14822 8381 4955 3050 1717
14 3134 15209 1713 15699 3277 14215 15258 14196 15082 14822 189 13147 11242 7146
14 11326 7017 9905 15699 11469 14215 7066 14196 6890 6630 8381 4955 3050 1213
14 11326 15209 1713 15699 11469 6023 15258 6004 15082 14822 189 13147 11242 7003
14 11326 15209 14001 11603 11469 14215 7066 6004 6890 6630 12477 9051 2022 3135
14 11326 15209 5809 11603 3277 14215 15258 6004 15082 14822 4285 9051 10214 7019
14 11326 7017 14001 3411 11469 14215 7066 14196 6890 14822 12477 859 10214 5813
14 11326 15209 5809 11603 11469 6023 15258 6004 15082 6630 12477 9051 2022 3419
14 3134 15209 5809 11603 3277 14215 15258 14196 15082 14822 4285 9051 10214 7146
14 3134 15209 14001 3411 3277 14215 15258 14196 15082 14822 4285 9051 10214 7142
14 11326 7017 14001 11603 11469 14215 7066 14196 6890 6630 12477 9051 2022 3261
14 11838 11113 14001 15699 15565 14215 7066 6004 6890 10727 12477 9051 1532 3647
14 11838 11113 5809 15699 7373 14215 15258 6004 15082 10727 4285 9051 1532 2923
14 11838 11113 5809 15699 15565 6023 15258 6004 15082 2535 12477 9051 9724 7515
14 3646 11113 5809 15699 15565 6023 15258 14196 15082 10727 4285 9051 9724 7130
14 11838 11113 14001 7507 7373 14215 7066 14196 15082 10727 12477 9051 1532 4007
14 11838 11113 14001 15699 7885 14215 7066 6004 15082 2551 12477 9051 9724 7471
14 11838 11113 14001 15699 7885 14215 7066 14196 15082 2551 12477 859 9724 5551
14 15422 15209 16049 15699 15565 14215 2970 1908 1770 2534 12733 12895 11327 7231
14 15422 15209 7857 15699 7373 14215 11162 1908 9962 10726 4541 12895 11327 7019
14 15422 7017 16049 7507 15565 14215 2970 10100 1770 10726 12733 12895 11327 7861
14 15422 7017 16049 15699 15565 6023 11162 10100 1770 2534 12733 12895 11327 7389
14 7230 15209 7857 15699 15565 6023 11162 10100 9962 10726 4541 12895 3135 3034
14 7230 15209 7857 15699 7373 14215 11162 10100 9962 10726 12733 4703 3135 2026
14 11326 15209 11953 15699 11469 14215 7066 6004 5866 6630 8637 12895 3050 3135
14 11326 15209 3761 15699 3277 14215 15258 6004 14058 14822 445 12895 11242 7019
14 11326 15209 3761 15699 11469 6023 15258 6004 14058 6630 8637 12895 11242 7515
14 3134 15209 3761 15699 3277 14215 15258 14196 14058 14822 445 12895 11242 7146
14 3134 15209 11953 7507 3277 14215 15258 14196 14058 14822 8637 4703 11242 6118
14 11326 7017 11953 7507 11469 14215 7066 14196 14058 14822 8637 4703 3050 1973
14 11326 7017 11953 15699 11469 14215 7066 14196 5866 6630 8637 12895 3050 3261
14 11326 11113 16049 11635 15565 10127 7066 6004 5866 6630 12733 12895 4052 3135
14 11326 2921 16049 3443 15565 10127 7066 14196 5866 14822 12733 12895 12244 7861
14 11326 11113 7857 11635 15565 10127 15258 6004 14058 6630 12733 12895 4052 3451
14 11326 2921 16049 11635 15565 1935 15258 14196 5866 6630 12733 12895 12244 7389
14 11326 11113 16049 11635 7373 10127 7066 14196 14058 14822 12733 4703 4052 1967
14 3134 2921 16049 3443 15565 10127 15258 14196 14058 14822 12733 4703 12244 6132
14 3134 11113 7857 11635 7373 10127 15258 14196 14058 14822 4541 12895 12244 7146
14 3134 11113 16049 3443 7373 10127 15258 14196 14058 14822 12733 4703 12244 6118
14 11326 11113 16049 3443 7373 10127 7066 14196 14058 14822 12733 4703 12244 6055
14 11326 11113 16049 11635 7373 10127 7066 6004 14058 14822 12733 12895 4052 3887
14 11326 11113 7857 11635 15565 1935 15258 6004 14058 6630 12733 12895 12244 7515
14 3134 2925 7859 11635 15565 1935 15258 14196 14058 14822 12733 12895 12244 8152
14 11582 11113 16049 11603 15565 14215 7066 6004 9963 6630 12733 12895 3828 3391
14 11582 11113 7857 11603 7373 14215 15258 6004 9963 14822 4541 12895 3828 2923
14 11582 2921 16049 3411 15565 14215 7066 14196 1771 14822 12733 12895 12020 7861
14 11582 2921 16049 11603 15565 6023 15258 14196 1771 6630 12733 12895 12020 7389
14 11582 11113 16049 3411 7373 14215 7066 14196 9963 14822 12733 4703 12020 6055
14 3390 11113 7857 11603 15565 6023 15258 14196 9963 14822 4541 12895 12020 7130
14 3390 2921 16049 3411 15565 14215 15258 14196 1771 14822 12733 12895 12020 7924
14 3390 11113 7857 11603 7373 14215 15258 14196 9963 14822 4541 12895 12020 7146
14 3390 11113 7857 11603 7373 14215 15258 14196 9963 14822 12733 4703 12020 6122
14 3390 11113 16049 3411 7373 14215 15258 14196 9963 14822 12733 4703 12020 6118
14 3390 11113 16049 11603 15565 6023 15258 14196 1771 14822 4541 12895 12020 6878
14 11582 2921 16049 3411 15565 14215 7066 14196 9963 14822 12733 4703 12020 6069
14 11582 11113 16049 11603 7373 14215 7066 6004 9963 14822 12733 12895 3828 3887
14 11582 11113 7857 11603 15565 6023 15258 6004 9963 14822 4541 12895 3828 2907
14 3390 2925 7859 11603 15565 6023 15258 14196 9963 14822 12733 12895 12020 8152
14 11582 11113 16049 3539 7373 14215 15258 6012 9963 14822 4541 12895 12020 7015
14 7742 15725 15603 16211 16077 8071 8606 9076 8938 7609 6719 5695 3647 478
14 3646 15725 15603 16211 16077 3975 12702 13172 13034 3513 2623 1599 8670 4574
14 15934 7533 15603 16211 14029 8071 10654 9076 2794 13753 14911 5487 11839 5853
14 7742 15725 15603 16211 14029 8071 10654 9076 10986 5561 6719 13679 3647 2526
14 7742 7533 15603 8019 14029 16263 10654 9076 10986 13753 6719 5487 3647 1012
14 15934 15725 7411 12115 14029 8071 14750 4980 10986 9657 14911 13679 3319 3931
14 7742 7533 15603 3923 14029 16263 14750 13172 10986 9657 6719 5487 11511 5108
14 15934 15725 11507 16211 14029 12167 6558 884 6890 13753 14911 13679 12123 7743
14 7742 7533 11507 8019 14029 12167 14750 9076 15082 13753 6719 5487 3931 1012
14 7742 11629 15603 16211 14029 3975 14750 13172 10986 5561 6719 9583 9949 6622
14 7742 3437 15603 8019 14029 12167 14750 13172 10986 13753 6719 1391 9949 5108
14 3646 3437 15603 3923 14029 16263 14750 13172 15082 13753 2623 1391 9204 5108
14 15934 14701 15603 15187 16077 16263 414 1908 746 15801 15029 13887 11839 7743
14 15934 14701 15603 15187 7885 16263 8606 1908 8938 7609 6837 13887 11839 6511
14 7742 14701 15603 15187 16077 8071 8606 10100 8938 7609 6837 5695 3647 478
14 7742 6509 15603 6995 16077 16263 8606 10100 8938 15801 15029 5695 3647 2036
14 15934 6509 15603 6995 16077 16263 414 10100 746 15801 15029 13887 11839 7861
14 15934 14701 15603 15187 3789 16263 12702 1908 13034 3513 2741 13887 10607 6511
14 15934 14701 7411 15187 11981 8071 12702 1908 13034 11705 2741 13887 10607 7003
14 7742 14701 15603 15187 11981 8071 12702 10100 13034 3513 2741 5695 10607 4574
14 15934 6509 15603 6995 11981 16263 4510 10100 4842 11705 10933 13887 2415 3765
14 15934 14701 15603 11091 16077 16263 4510 6004 746 11705 15029 13887 11511 7743
14 15934 14701 15603 11091 7885 16263 12702 6004 8938 3513 6837 13887 11511 6511
14 15934 14701 7411 11091 16077 8071 12702 6004 8938 11705 6837 13887 3319 2907
14 7742 6509 15603 2899 16077 16263 12702 14196 8938 11705 15029 5695 11511 6132
14 7742 14701 7411 11091 7885 16263 12702 14196 8938 11705 6837 5695 3319 1002
14 3646 14701 15603 15187 16077 3975 12702 14196 13034 3513 2741 1599 8670 4574
14 3646 14701 7411 15187 7885 12167 12702 14196 13034 11705 2741 1599 8670 5098
14 11838 10605 15603 11091 7885 16263 12702 6004 13034 7609 6837 9791 2036 2415
14 11838 2413 15603 2899 16077 16263 4510 14196 4842 15801 15029 9791 10228 7861
14 7742 10605 15603 11091 16077 8071 8606 14196 8938 7609 6837 5695 3765 478
14 15934 14701 15603 15187 1741 16263 14750 1908 15082 1465 693 12655 10607 6511
14 15934 6509 15603 6995 9933 16263 6558 10100 6890 9657 8885 4463 2415 1717
14 15934 14701 11507 15187 5837 12167 14750 1908 15082 5561 693 12655 11099 6511
14 7742 14701 11507 15187 14029 3975 14750 10100 15082 5561 693 12655 11099 6622
14 15934 6509 11507 6995 14029 12167 6558 10100 6890 13753 8885 4463 2907 1717
14 15934 8557 15603 9043 7885 16263 8606 8052 8938 7609 6837 5813 3765 367
14 13886 12653 13555 15187 16077 14215 2462 3956 2794 15801 15029 2008 9791 5695
14 13886 12653 13555 15187 7885 14215 10654 3956 10986 7609 6837 2008 9791 4463
14 13886 12653 13555 6995 16077 14215 10654 12148 2794 7609 15029 2008 9791 5367
14 13886 12653 5363 15187 16077 6023 10654 3956 10986 15801 6837 10200 9791 7003
14 5694 12653 13555 15187 16077 6023 10654 12148 10986 7609 6837 10200 1599 2526
14 13886 4461 13555 6995 16077 14215 2462 12148 2794 15801 15029 10200 9791 7861
14 5694 4461 5363 15187 16077 6023 10654 12148 10986 15801 15029 10200 1599 4056
14 13886 12653 13555 15187 3789 14215 14750 3956 15082 3513 2741 2008 8559 4463
14 13886 8557 13555 15187 16077 10119 6558 8052 2794 15801 15029 6104 11997 5695
14 13886 8557 13555 15187 7885 10119 14750 8052 10986 7609 6837 6104 3805 367
14 13886 365 13555 15187 16077 1927 14750 16244 2794 15801 15029 14296 11997 7901
14 13886 8557 13555 6995 7885 10119 6558 16244 10986 15801 15029 6104 3805 1959
14 5694 365 13555 6995 16077 10119 14750 16244 10986 15801 15029 14296 11997 8180
14 13886 365 13555 6995 16077 10119 6558 16244 2794 15801 15029 14296 11997 7861
14 13886 8557 13555 11091 7885 14215 10654 8052 10986 7609 6837 6104 3765 367
14 13886 365 13555 2899 16077 14215 2462 16244 2794 15801 15029 14296 11957 7861
14 5694 365 5363 11091 16077 6023 10654 16244 10986 15801 15029 14296 11957 8152
14 9790 12653 9459 15187 16077 10119 6558 8052 6890 15801 10933 6104 3034 1599
14 9790 12653 9459 15187 7885 10119 14750 8052 15082 7609 2741 6104 11226 4463
14 9790 12653 1267 15187 16077 1927 14750 8052 15082 15801 2741 14296 11226 7003
14 9790 4461 9459 15187 16077 1927 14750 16244 6890 15801 10933 14296 11226 7901
14 9790 4461 9459 6995 16077 10119 6558 16244 6890 15801 10933 14296 3034 3765
14 1598 4461 1267 15187 16077 1927 14750 16244 15082 15801 10933 14296 11226 8152
14 1598 12653 1267 15187 16077 1927 14750 16244 15082 15801 2741 14296 11226 7130
14 9790 12653 9459 6995 16077 10119 6558 16244 6890 15801 10933 6104 3034 1719
14 13886 12653 9459 15187 11981 14215 2462 3956 6890 15801 15029 6104 12075 5695
14 13886 12653 9459 15187 3789 14215 10654 3956 15082 7609 6837 6104 12075 4463
14 13886 4461 1267 15187 11981 14215 2462 12148 15082 15801 15029 14296 12075 8121
14 13886 4461 9459 6995 11981 14215 2462 12148 6890 15801 15029 14296 12075 7861
14 5694 12653 9459 6995 3789 14215 10654 12148 15082 7609 15029 14296 12075 7654
14 13886 12653 9459 15187 11981 14215 10654 12148 15082 7609 6837 6104 3883 511
14 13886 12653 9459 15187 11981 14215 6558 3956 6890 15801 10933 6104 11115 5695
14 13886 12653 9459 15187 3789 14215 14750 3956 15082 7609 2741 6104 11115 4463
14 13886 12653 9459 6995 11981 14215 14750 12148 6890 7609 10933 6104 2923 1271
14 13886 12653 1267 15187 11981 6023 14750 3956 15082 15801 2741 14296 11115 7003
14 13886 4461 9459 15187 11981 6023 14750 12148 6890 15801 10933 14296 2923 3805
14 5694 12653 9459 15187 11981 6023 14750 12148 15082 7609 2741 14296 11115 6622
14 13886 4461 1267 15187 11981 14215 6558 12148 15082 15801 10933 14296 11115 8121
14 13886 4461 9459 6995 11981 14215 6558 12148 6890 15801 10933 14296 2923 3765
14 5694 4461 1267 15187 11981 6023 14750 12148 15082 15801 10933 14296 11115 8152
14 13886 12653 1267 15187 3789 14215 14750 3956 15082 15801 2741 14296 11115 7019
14 5694 12653 1267 15187 11981 6023 14750 12148 15082 15801 2741 14296 11115 7130
14 13886 12653 1267 15187 3789 14215 6558 3956 15082 15801 10933 14296 11115 7979
14 13886 12653 9459 15187 3789 14215 6558 3956 15082 15801 10933 6104 11115 5935
14 13886 12653 9459 15187 11981 14215 14750 3956 6890 7609 10933 6104 11115 5247
14 13886 14701 15603 15187 14029 16263 2462 3956 2794 13753 12981 494 9791 5695
14 13886 14701 15603 15187 5837 16263 10654 3956 10986 5561 4789 8686 9791 6511
14 13886 6509 15603 15187 14029 8071 10654 12148 2794 13753 12981 494 9791 5853
14 5694 14701 15603 15187 14029 8071 10654 12148 10986 5561 4789 8686 1599 2526
14 13886 6509 15603 6995 14029 16263 2462 12148 2794 13753 12981 494 9791 5813
14 5694 14701 15603 15187 5837 16263 10654 12148 10986 5561 4789 8686 1599 2542
14 13886 14701 15603 15187 1741 16263 14750 3956 15082 1465 693 12782 10607 6511
14 5694 14701 15603 15187 9933 8071 14750 12148 15082 1465 693 12782 10607 6622
14 13886 6509 15603 6995 9933 16263 6558 12148 6890 9657 8885 4590 2415 1717
14 5694 14701 15603 15187 1741 16263 14750 12148 15082 1465 693 12782 10607 6638
14 13886 14701 15603 11091 14029 16263 6558 8052 2794 9657 12981 4590 11511 5695
14 13886 14701 15603 11091 5837 16263 14750 8052 10986 1465 4789 12782 11511 6511
14 13886 14701 15603 2899 14029 16263 14750 16244 2794 1465 12981 12782 11511 7415
14 13886 14701 7411 11091 14029 8071 14750 8052 10986 9657 4789 12782 3319 2907
14 13886 14701 15603 2899 5837 16263 6558 16244 10986 9657 12981 12782 11511 8103
14 5694 14701 7411 11091 5837 16263 14750 16244 10986 9657 4789 12782 3319 3050
14 13886 6509 7411 11091 14029 16263 6558 16244 10986 9657 12981 4590 3319 1977
14 13886 6509 15603 2899 14029 16263 6558 16244 2794 9657 12981 4590 11511 5813
14 5694 14701 15603 11091 5837 16263 14750 16244 10986 1465 4789 12782 11511 6638
14 13886 14701 11507 15187 14029 12167 6558 3956 6890 13753 8885 4590 11099 5695
14 13886 14701 11507 15187 5837 12167 14750 3956 15082 5561 693 12782 11099 6511
14 13886 14701 3315 15187 14029 3975 14750 3956 15082 13753 693 12782 11099 7003
14 13886 6509 11507 6995 14029 12167 6558 12148 6890 13753 8885 4590 2907 1717
14 5694 14701 11507 15187 5837 12167 14750 12148 15082 5561 693 12782 11099 6638
14 13886 2413 15603 2899 14029 16263 2462 16244 2794 13753 12981 494 9909 5813
14 9790 6509 15603 6995 9933 16263 6558 16244 6890 9657 8885 4590 2542 1717
14 1598 14701 15603 15187 1741 16263 14750 16244 15082 1465 693 12782 10734 6638
14 13886 14701 11507 15187 14029 16263 2462 3956 6890 13753 12981 494 10043 5695
14 13886 14701 11507 15187 5837 16263 10654 3956 15082 5561 4789 8686 10043 6511
14 13886 14701 11507 6995 14029 16263 10654 12148 6890 5561 12981 8686 1851 3319
14 13886 14701 3315 15187 14029 8071 10654 3956 15082 13753 4789 8686 10043 7003
14 13886 6509 11507 15187 14029 8071 10654 12148 6890 13753 12981 494 10043 5853
14 13886 14701 11507 6995 5837 16263 2462 12148 15082 13753 12981 8686 10043 8103
14 5694 14701 11507 15187 14029 8071 10654 12148 15082 5561 4789 8686 1851 2526
14 13886 6509 11507 6995 14029 16263 2462 12148 6890 13753 12981 494 10043 5813
14 5694 14701 11507 15187 5837 16263 10654 12148 15082 5561 4789 8686 1851 2542
14 13886 14701 3315 15187 14029 16263 2462 3956 15082 13753 12981 494 10043 5947
14 5694 6509 11507 15187 14029 8071 10654 12148 15082 13753 12981 8686 1851 4060
14 5694 14701 11507 6995 5837 16263 10654 12148 15082 5561 12981 8686 1851 3558
14 5694 14701 3315 15187 14029 8071 10654 12148 15082 13753 4789 8686 10043 7130
14 13886 14701 3315 15187 5837 16263 2462 3956 15082 13753 12981 8686 10043 7979
14 13886 14701 3315 15187 5837 16263 10654 3956 15082 13753 4789 8686 10043 7019
14 13886 6509 11507 6995 14029 16263 10654 12148 6890 13753 12981 8686 1851 3829
14 13886 6509 11507 15187 14029 8071 10654 12148 6890 13753 12981 8686 1851 3805
14 13886 14701 11507 15187 9933 16263 6558 3956 6890 13753 8885 4590 11115 5695
14 13886 14701 11507 15187 1741 16263 14750 3956 15082 5561 693 12782 11115 6511
14 13886 14701 3315 15187 9933 8071 14750 3956 15082 13753 693 12782 11115 7003
14 13886 6509 11507 15187 9933 8071 14750 12148 6890 13753 8885 4590 2923 1757
14 13886 14701 11507 6995 1741 16263 6558 12148 15082 13753 8885 12782 11115 8103
14 13886 6509 11507 6995 9933 16263 6558 12148 6890 13753 8885 4590 2923 1717
14 5694 14701 11507 15187 1741 16263 14750 12148 15082 5561 693 12782 11115 6638
14 13886 14701 11507 15187 14029 12167 6558 3956 6890 13753 12981 494 10075 5695
14 13886 14701 11507 6995 14029 12167 14750 12148 6890 5561 12981 8686 1883 3319
14 13886 14701 3315 15187 14029 3975 14750 3956 15082 13753 4789 8686 10075 7003
14 13886 6509 11507 6995 14029 12167 6558 12148 6890 13753 12981 494 10075 5813
14 5694 14701 11507 6995 5837 12167 14750 12148 15082 5561 12981 8686 1883 3558
14 13886 14701 3315 15187 5837 12167 6558 3956 15082 13753 12981 8686 10075 7979
14 13886 14701 3315 15187 14029 12167 6558 3956 15082 13753 12981 494 10075 5947
14 7742 14701 11507 6995 7885 12167 14750 12148 15082 13753 12981 511 10075 6118
14 13886 14701 15603 12115 14029 16263 6558 8052 6890 13753 10941 1518 9207 5695
14 13886 14701 15603 3923 14029 16263 14750 16244 6890 5561 10941 9710 9207 7415
14 13886 14701 7411 12115 14029 8071 14750 8052 15082 13753 10941 9710 1015 3931
14 5694 14701 7411 12115 5837 16263 14750 16244 15082 13753 10941 9710 1015 4074
14 5694 14701 15603 3923 5837 16263 14750 16244 15082 5561 2749 9710 9207 6630
14 13886 14701 7411 12115 5837 16263 6558 8052 15082 13753 10941 9710 1015 3883
