19 373614 441705 386033 212947 253644 454535 513183 216956 473775 125373 448762 423866 503131 367407 495348 358007 62429 286202 195943
19 373614 507241 250865 458067 458444 248775 496831 491124 256559 358837 456922 485306 370399 352155 176060 152959 277479 52734 81627
19 242542 245097 381937 490835 360140 498567 357535 450164 244271 448949 518362 452538 328703 249179 437980 159655 275839 61355 89852
19 242542 376169 513009 228691 491212 498567 226463 450164 375343 448949 518362 321466 197631 380251 437980 290727 144767 87805 61366
19 496494 384361 242673 449875 454348 244615 447647 257652 343599 256437 358874 354234 492911 479156 437978 152319 278439 62205 97627
19 496494 515433 439281 253267 257740 375687 455839 388724 474671 387509 227802 223162 435567 417780 241370 348927 53179 294239 177127
19 430974 253289 373745 449875 323277 506759 447647 388724 212527 387509 227802 223162 492911 479156 503514 283391 163750 97643 62205
19 430974 253289 373745 449875 323277 506759 447647 388724 474671 387509 227802 223162 492911 479156 241370 283391 163750 97643 46077
19 430974 253289 373745 449875 454349 375687 447647 388724 474671 387509 227802 223162 492911 479156 241370 283391 163750 97627 46077
19 447342 253289 373745 449875 487116 244615 317087 388724 244271 371189 489690 223162 443759 495540 466139 275439 159670 97595 63197
19 218094 449897 242673 449875 388812 244615 480415 355957 244271 387509 456922 452538 247151 495540 335579 409406 291829 48495 126682
19 250734 253289 439281 384339 388812 244615 423071 519796 244271 502197 489690 387002 419183 401396 367835 84927 53179 276455 163548
19 250734 253289 439281 515411 388812 244615 423071 388724 244271 502197 489690 387002 419183 401396 367835 84927 53179 276335 163548
19 447342 352105 439281 515411 257740 375687 251039 257652 440879 354743 260314 354234 443759 495540 466651 144893 290554 62941 97071
19 365566 237033 455665 351699 323277 244615 382111 306815 490031 453045 522458 485306 247151 446388 474972 145143 417131 130854 94173
19 223086 253289 472049 253267 376524 457607 242847 376436 481839 355765 125659 382906 494078 444149 438059 425210 8159 323951 195508
19 447342 511465 504817 253267 360140 453511 251039 355958 457263 326069 489690 354234 239453 368564 397307 209775 179422 120175 28599
19 448366 224745 381937 245075 376524 425863 373919 355958 252463 514485 440571 223162 427901 478458 469927 464733 322526 65323 128757
19 480110 323049 242673 449875 245452 387975 496799 241270 358959 227765 456922 321466 477021 118710 343851 404734 160757 366301 187755
19 447342 257513 455665 499027 376524 453511 251039 257654 490031 358837 506074 370618 509789 348086 209895 400639 294874 54767 114493
19 480110 257513 423921 515411 376524 486279 513183 503414 490031 375221 194782 501690 378717 184246 177519 98010 302075 290287 203773
19 318318 388585 488433 384339 245452 486279 251039 241270 358959 440757 260314 436155 509789 462774 365935 417499 161278 114420 64303
19 318318 388585 488433 384339 245452 486279 251039 503414 358959 440757 260314 436155 247645 462774 365935 417499 161278 114420 60335
19 318318 388585 226289 384339 245452 486279 251039 503414 490031 440757 522458 305083 247645 462774 497007 286427 161278 96244 61355
19 318318 388585 488433 384339 245452 486279 251039 503414 490031 440757 260314 305083 247645 462774 497007 286427 161278 96244 60335
19 318318 388585 488433 384339 507596 486279 251039 503414 490031 440757 260314 305083 247645 462774 234863 286427 161278 96244 43967
19 381806 323049 488433 384339 229068 453511 382111 241270 457263 227765 506074 239546 477021 446390 275327 470507 171741 114612 62831
19 447342 241129 357361 499027 360140 453511 480415 126582 440879 326069 260314 239546 477021 118710 341749 405419 163038 367979 185213
19 317294 388585 455665 499027 491212 256903 382111 224886 506415 194997 358619 239546 444253 217014 276215 465775 437754 113596 120159
19 318318 503273 455665 368467 229068 453511 251039 487030 375343 293309 260314 337851 247645 479158 177909 480623 441818 128246 109487
19 381806 355817 193521 384339 196300 502663 447647 224886 375343 244149 489690 485306 444253 233398 400607 471933 307115 65268 122219
19 439166 372201 488433 376147 450253 519047 504991 511606 358959 448949 260314 378810 223069 218479 212916 397051 294382 63221 101375
19 439166 503273 226289 376147 450253 519047 242847 249462 358959 448949 522458 382906 356189 480623 475060 397051 32238 321271 196411
19 422782 224745 455665 245075 319181 486279 439455 380534 227887 383413 506074 378810 436061 234863 461751 343772 192426 95599 57077
19 504686 486889 242673 359763 196300 510855 226463 249462 375343 514485 456922 382906 307037 431455 462586 409525 412655 124663 130859
19 512878 323049 480241 130387 474828 445383 447679 421494 391727 473525 260314 387002 239453 237466 298479 97643 179997 341749 150519
19 512878 126441 480241 326995 474828 248775 447679 487030 129583 473525 456922 124858 436061 499610 101871 294251 158647 341749 177885
19 250734 126441 480241 326995 474828 248775 251071 487030 391727 473525 456922 387002 436061 434074 101871 294251 150519 341749 180124
19 250734 191977 513009 195923 376524 478151 382143 487030 195119 473525 391386 419770 370525 434074 232943 95583 317173 289711 212724
19 250734 224745 447473 228691 376524 445383 447679 454262 260655 375221 489690 485306 370525 368538 200175 406517 294683 52719 114420
19 512878 224745 447473 228691 376524 445383 447679 454262 260655 375221 489690 223162 370525 368538 200175 406517 294683 52719 112373
19 250734 224745 513009 228691 442060 510919 447679 388726 227887 375221 456922 354234 436061 368538 200175 407285 289711 54655 114420
19 250734 224745 513009 490835 442060 248775 185535 388726 490031 375221 456922 354234 436061 368538 200175 407285 289711 54655 114588
19 250734 224745 447473 228691 376524 445383 447679 454262 227887 375221 522458 485306 370525 368538 200175 407285 294683 52719 114420
19 512878 224745 447473 228691 376524 445383 447679 454262 490031 375221 260314 223162 370525 368538 200175 407285 294683 52719 111605
19 512878 224745 447473 228691 376524 445383 447679 454262 227887 375221 522458 223162 370525 368538 200175 407285 294683 52719 112373
19 512878 503273 381937 195923 392908 478151 365759 470646 195119 489909 506074 419770 124765 188314 179005 95583 300791 290731 200439
19 480110 388585 250865 359763 196300 494535 480447 192118 375343 244149 456922 370618 485213 319386 406751 208822 433007 120565 97643
19 480110 388585 250865 359763 196300 494535 480447 192118 375343 244149 456922 370618 485213 450458 406751 208822 301935 63221 97643
19 480110 388585 513009 359763 196300 494535 480447 192118 375343 244149 456922 370618 485213 188314 406751 208822 301935 63221 89455
19 373614 380393 455665 376147 196300 510919 431807 511606 490031 162293 522458 223162 436061 220957 208822 333055 322987 32756 103919
19 471918 478697 390129 474451 130764 445383 496831 380534 424495 326069 260314 452538 239453 253725 307126 98036 177375 343403 150511
19 504686 249321 422897 376147 425676 248775 464063 478838 260655 457141 391386 124858 501597 319261 176054 98091 433643 349175 210653
19 504686 445929 226289 376147 360140 445383 234687 249462 457263 489909 391386 321466 501597 352029 405430 466411 177885 119783 65339
19 373614 478697 127985 474451 458444 248775 234687 249462 358959 391605 456922 419770 370525 319261 438198 227061 168943 380154 163611
19 367470 387945 434097 228179 489164 449927 256667 456308 384047 500959 455604 250223 413117 509658 212474 339943 322395 32508 112567
19 367470 126825 499633 490323 489164 253319 387739 521844 195631 369887 193462 512367 478653 444378 409082 77799 301823 294332 228061
19 367470 519017 368561 228179 229068 384391 256667 521844 326703 500959 455604 119167 478653 444378 409082 339943 170751 358106 194471
19 367470 519017 368561 228179 229068 384391 256667 521844 457775 500959 455604 119167 478653 444378 409082 339943 39679 292826 194471
19 236398 387945 237489 359251 489164 253319 518811 521844 326703 500959 455604 381295 478653 444378 278010 208871 170751 112373 32730
19 433006 192361 368569 387927 390860 237447 453275 521844 228399 435455 226230 512367 511413 477146 474586 400127 294332 65507 129757
19 400878 244585 454065 335827 390860 454023 244379 353917 449583 390362 418749 495983 494427 247542 501684 228214 326362 64871 90045
19 400878 252777 454065 335827 390860 454023 375451 353917 449583 390362 418749 495983 494427 509684 239542 228214 195290 130343 16381
19 400878 498537 454065 335827 390860 454023 375451 353917 449583 390362 418749 242031 494427 249588 501684 228214 195290 130343 22527
19 335342 457577 388529 204755 259788 454023 244379 222845 384047 259290 353213 495983 494427 444150 436150 424822 270301 64250 130343
19 286574 383849 224697 121687 245452 425351 383643 505460 486447 382171 439221 221567 304891 499124 461679 472794 191454 388532 194531
19 286574 383849 486833 252755 245452 425351 383643 505460 486447 382171 439221 221567 304891 499124 461679 472794 191454 126396 63463
19 286574 383849 486833 383827 259788 425351 252571 505460 486447 382171 439221 483695 304891 499124 199551 472794 191454 126452 49071
19 155502 252777 486833 383827 374732 425351 252571 505460 355391 251099 439221 483695 173819 499124 461679 472794 322526 65255 126396
19 285566 449385 94137 57175 112589 486791 449179 505460 224319 316639 242620 483695 435931 499124 461679 472794 454068 392674 260835
19 285566 449385 356337 188243 374477 486791 318111 505460 257071 316639 242620 483695 435931 499124 461679 210906 454068 130474 97015
19 23550 449385 97721 187223 112589 486791 449179 374389 224319 447707 504756 483695 304863 499124 461679 472794 454068 388970 261858
19 285678 252777 486833 449363 505548 355783 318139 374389 257071 447707 504756 483695 435931 499124 461679 210906 191926 130846 32509
19 285678 449385 224697 187223 245452 355783 318139 374389 486447 447707 504756 221567 435931 499124 461679 472794 454068 130846 128995
19 285678 449385 486833 252755 245452 355783 318139 374389 486447 447707 504756 221567 435931 499124 461679 472794 191932 130846 63463
19 285678 449385 486833 252755 505548 355783 318139 374389 486447 447707 504756 483695 435931 499124 232303 227034 191932 130846 16375
19 363502 367593 454065 383827 489164 503175 252571 245367 453679 480475 488372 188911 485082 449972 409436 338415 300795 32756 128831
19 199678 498665 224753 449363 489165 372615 187039 472695 388655 316923 390068 254319 452314 515508 442204 294762 404919 96479 128954
19 199678 498665 224753 449363 489165 503175 187039 472695 388655 382427 390068 254319 452314 515508 442204 425834 274359 63743 128954
19 331758 367593 257457 449363 456396 372167 318139 472695 257071 480475 488373 385391 452314 253364 180060 162174 405415 128924 73467
19 240494 383849 208825 465751 489164 388487 514715 456308 257071 464095 455604 385391 452314 187829 310770 294371 396159 79837 122618
19 494446 383849 208825 465751 489164 257415 514715 456308 388143 464095 258996 385391 452314 449972 310770 294371 135039 79613 64475
19 494446 252777 339897 466775 325580 257415 449179 456308 355391 496863 357308 254319 452314 384436 179698 162547 405295 121579 79837
19 494446 514921 208825 466775 390860 454023 383643 128884 224431 365791 226236 450927 386778 449972 441842 293619 137183 355631 195195
19 494446 383849 208825 204631 259788 454023 383643 521844 486447 365791 226236 450927 386778 449972 441842 293619 137183 93629 64483
19 494446 383849 208825 466775 259788 454023 383643 259700 486447 365791 226236 450927 386778 449972 441842 293619 137183 93629 64363
19 494446 221033 438201 367447 390860 454023 383643 456308 257071 365791 226230 516463 485082 449972 212466 273405 155483 97703 47869
19 494446 352105 438201 236375 259788 454023 252571 456308 388143 234719 488374 385391 485082 449972 343538 142333 286555 46845 97703
19 494446 482153 307129 432983 456396 388487 252571 259700 359471 431327 521140 385391 223194 384436 212466 405245 163299 120539 44863
19 494446 482153 307129 432983 456396 388487 514715 259700 359471 431327 258996 385391 223194 384436 212466 405245 163299 120539 43903
19 167806 383849 503217 188243 243405 519559 383643 489076 453679 251099 160701 385391 485082 482740 344042 461695 326390 47037 129510
19 462718 221033 372209 252755 374477 519559 367263 456308 257071 480475 422839 254319 452314 449972 180138 358908 297855 32683 112373
19 232318 383849 241137 352083 440013 257415 498335 456308 486447 382171 422844 254319 452314 449972 343978 211703 314223 48629 96218
19 232318 383849 241137 352083 440013 519559 236191 456308 486447 382171 422844 254319 452314 449972 343978 211703 314223 48629 96186
19 232318 383849 241137 352083 440013 257415 498335 456308 486447 382171 488380 254319 452314 449972 343978 146167 282479 48629 96218
19 232318 383849 241137 352083 440013 519559 236191 456308 486447 382171 488380 254319 452314 449972 343978 146167 282479 48629 96186
19 363390 383849 437745 359251 440013 257415 432799 456308 257071 382171 258996 516463 485082 220604 212906 397303 294699 65012 105183
19 494462 383849 437745 359251 243405 454023 236191 259700 453679 251099 455604 385391 485082 417212 343978 200695 318171 47093 97583
19 494462 252777 437745 228179 374477 454023 367263 390772 453679 382171 455604 254319 485082 482748 212906 266231 162523 97583 47093
19 363390 383849 438193 252755 440013 486791 383643 456308 228399 431327 488372 385391 255962 482740 212458 400095 294251 63420 110327
19 461694 514921 241585 482131 210893 454023 383643 390772 224319 496863 258996 450927 386778 449972 310762 294630 137183 77631 64235
19 494462 351209 503729 188243 243405 356231 514715 358006 453679 365823 193468 516463 255706 515508 474602 147293 293623 64861 93159
19 232318 514921 503729 221011 210893 388487 449179 456308 355391 234719 357308 516463 452314 384436 310762 424679 143167 105183 64998
19 494462 252777 372657 221011 341965 454023 252571 456308 355391 234719 357308 516463 255706 449972 441834 424679 270175 64235 126389
19 494462 252777 372657 221011 341965 454023 252571 521844 355391 234719 357308 450927 255706 449972 441834 424679 268255 64235 126389
19 428926 449385 372657 483155 374477 257415 449179 390772 257071 431327 488380 254319 485082 384436 212458 273399 163260 89963 46815
19 428926 252777 438193 252755 440013 388487 252571 521844 359983 202207 488372 385391 223194 384436 376298 420095 32746 300767 191925
19 428926 252777 438193 252755 505549 454023 252571 390772 425519 202207 488372 450927 223194 384436 376298 354559 325338 8063 126389
19 497022 383849 505265 457555 178125 490887 383643 257652 425023 257242 240565 485354 377215 413628 343018 202463 319207 44989 96623
19 176638 199677 251315 502611 63183 482695 518811 89719 506927 388314 392116 485354 452021 450393 376564 423773 413678 375151 261992
19 373118 232429 447987 502611 358093 253319 453279 220790 506927 486618 490420 255978 386485 384857 442100 424303 16315 315374 194397
19 484222 502633 358321 506707 227021 388487 195227 196212 388143 466143 383924 497642 249564 442879 112117 425450 286527 309979 241455
19 484222 502633 358321 260947 227021 388487 195227 458356 388143 466143 383924 497642 249564 442879 112125 425450 286527 309979 241575
19 353150 502633 358321 506707 227021 388487 195227 196212 388143 466143 514996 497642 249564 442879 112117 425450 286527 311002 241455
19 484222 502633 227249 506707 227021 388487 440987 196212 388143 466143 383924 366570 249564 442879 243125 425450 286527 62175 110443
19 373118 453481 505265 326483 374477 257415 424603 482932 257071 482522 252852 219114 364253 442751 405482 341311 171957 94182 62175
19 446846 383849 505265 449363 194253 507271 355227 487284 335087 257242 244660 354282 492863 249588 436955 161343 278502 63165 88559
19 446846 359273 259505 449363 448205 245127 453275 503412 228399 388314 244660 370666 247103 348134 406367 466685 311206 54781 125659
19 487806 375657 488881 375635 227021 515463 256667 257652 384047 257242 457652 378858 435519 431839 200693 409578 281599 63221 113967
19 487806 375657 488881 506707 227021 384391 256667 257652 384047 257242 457652 378858 435519 431839 200693 409578 281599 63197 113967
19 438654 343017 259505 441171 194253 490887 453275 355958 515119 388314 252852 378858 238911 463615 495604 155485 294822 62845 93163
19 438654 343017 259505 441171 456397 490887 453275 355958 252975 388314 252852 378858 238911 463615 495604 155485 294822 62845 92923
19 438654 343017 259505 441171 456397 490887 453275 355958 252975 388314 252852 378858 501055 463615 233460 155485 294822 62845 80635
19 438654 343017 259505 441171 194253 490887 453275 355958 515119 388314 252852 509930 238911 332543 495604 155485 294822 56701 93163
19 373118 408553 259505 375635 128717 425351 387739 421494 515119 519386 252852 444394 501055 332543 233460 221021 63325 319398 146411
19 373118 408553 259505 375635 390861 425351 387739 421494 252975 519386 252852 444394 238911 332543 495604 221021 63325 319398 158459
19 373118 408553 259505 375635 128717 425351 387739 421494 515119 519386 252852 444394 238911 463615 495604 89949 63325 294822 158699
19 373118 408553 259505 375635 390861 425351 387739 421494 252975 519386 252852 444394 501055 463615 233460 89949 63325 294822 146171
19 242046 244585 390577 441171 325325 515463 224155 519796 220271 453850 383924 477162 369983 430815 462836 276159 155111 93163 65212
19 373118 375657 456113 244563 194253 384391 224155 519796 351343 257242 449460 477162 435519 234207 462836 407231 289771 65244 122279
19 242046 244585 456113 244563 325325 515463 355227 388724 220271 388314 449460 477162 435519 365279 462836 407231 158699 122159 65268
19 242046 244585 456113 506707 325325 253319 355227 388724 220271 388314 449460 477162 435519 365279 462836 407231 158699 122159 65244
19 504190 441193 259505 359251 128973 449927 518811 257652 351295 519386 514996 444394 501055 234207 331772 147191 292829 311015 221035
19 438654 244585 390577 424787 358349 253319 518811 388724 482367 519386 383924 247786 435519 430815 331772 212711 53238 310123 161757
19 373118 375657 521649 228179 227277 449927 518811 454260 220223 519386 449460 444394 369983 365279 200700 409319 291679 53244 114407
19 242046 244585 390577 228179 358349 449927 256667 454260 351295 519386 449460 444394 501055 234207 331772 409319 291679 48875 122804
19 242046 244585 390577 490323 358349 449927 256667 454260 351295 519386 449460 444394 501055 234207 331772 147175 291679 48875 90044
19 504190 441193 390577 228179 227277 449927 256667 388724 416831 257242 383924 444394 501055 234207 462844 343783 325341 31611 122279
19 504190 375657 259505 359251 423885 515463 518811 257652 351295 457946 449460 378858 436031 234207 462844 212711 322031 63221 89979
19 438654 506729 325105 506707 489165 515463 322207 388724 515119 257242 228276 247786 468287 464607 364532 281583 163770 81723 61951
19 373118 441321 488881 375635 358093 195975 387739 454262 252975 519386 228276 247786 468287 268031 233460 478187 450397 122790 111327
19 373118 179177 488881 375635 358093 458119 387739 192118 515119 257242 490420 247786 468287 399103 495604 216043 319325 65446 95613
19 504190 441321 488881 375635 358093 195975 387739 454262 252975 388314 228276 247786 468287 268031 233460 478187 450397 122279 111327
19 504190 441321 488881 375635 358093 195975 387739 454262 252975 388314 490420 247786 468287 268031 233460 216043 450397 122279 79583
19 225662 97133 193971 375635 505549 482695 387739 454260 482351 388314 449460 509930 468287 119519 176103 421596 277371 318901 237560
19 471422 359273 456113 375635 245453 482695 387739 454260 482351 388314 449460 247802 468287 365279 430054 421596 146299 122293 63471
19 225662 129901 226739 326483 456397 499079 387739 503412 482351 388314 498612 493546 419135 119519 406367 339706 176103 351669 188408
19 422270 441193 226801 441171 227021 384391 240287 257652 384047 503002 383924 378858 419135 234207 466357 339946 61428 291551 188203
19 356734 375657 226801 375635 489165 253383 240319 257652 384047 503002 457652 509930 451903 431839 466357 409578 281599 65268 130843
19 356734 375657 488881 375635 227021 515463 256667 257652 384047 503002 457652 509930 451903 431839 204277 409578 281599 65268 114479
19 373118 498537 196017 383827 358093 245127 387739 487028 498735 486618 228276 444398 238911 218869 437980 416111 276475 65446 117723
19 356734 252777 357873 514899 358093 245127 322207 454260 252975 453850 506804 444394 238911 497397 330719 147434 423231 114602 93917
19 356734 252777 357873 514899 358093 245127 322207 454260 252975 453850 506804 444394 238911 497397 330719 409578 161087 114602 61149
19 323966 383849 505265 449363 194253 376199 453275 225140 351407 257242 244660 477162 369983 235253 461787 407167 425894 126684 121199
19 323966 383849 505265 449363 194253 376199 453275 487284 351407 257242 244660 477162 369983 235253 461787 145023 425894 126684 88559
19 474430 391017 450225 490835 515277 440199 256922 457588 211691 256486 383039 215005 435647 496619 364254 292598 159579 80893 62655
19 366398 325481 245425 449875 253133 374663 486298 486260 357099 371175 448575 255708 443711 478182 409050 204351 175093 130268 30699
19 357694 255849 376497 453971 441549 358279 252826 514932 226027 252390 440383 497372 331765 443711 238571 421598 285671 61402 113853
19 357694 517993 376497 453971 441549 358279 252826 252788 488171 252390 440383 497372 331765 443711 238571 159454 285671 61402 81215
19 517438 372585 229041 519507 425421 243591 514970 514932 439035 114150 96831 349918 159732 169791 466141 467947 315119 324093 248283
19 386366 386921 450225 486739 474317 325511 228250 252788 385771 252390 440383 251612 438004 464251 101359 286631 158683 343772 177471
19 451902 517993 245425 453971 441549 251783 359322 252788 488171 252390 440383 374492 339956 335199 492523 151231 293862 51135 97627
19 501182 409453 446131 228691 253133 501639 359322 379765 471787 391654 194623 186078 225114 464747 368348 478901 324601 48447 123879
19 501182 409453 446131 228691 253133 501639 228250 510837 471787 391654 456767 186078 356186 464747 368348 478901 324601 44543 128935
19 314814 513897 388785 499027 376013 255879 490394 322421 449259 227814 505919 276445 470874 220916 238567 476607 194174 128874 40415
19 443838 448361 257713 384339 507085 452487 359322 224117 357099 227814 505919 243420 372570 204788 426991 416831 278492 61111 120187
19 443838 448361 257713 384339 244941 452487 359322 224117 357099 489958 505919 243420 372570 204788 426991 416831 278492 61111 120683
19 443838 382825 454321 384339 507085 452487 228250 224117 488171 227814 374847 243420 372570 204788 426991 416831 278490 60405 120127
19 312830 251753 388785 449875 310733 518023 424859 355189 422651 227814 505919 505564 241498 466932 492527 482367 196262 130922 60925
19 443838 259945 519857 384339 441805 255879 359322 420725 422651 489958 243775 390876 503642 204790 363503 482367 65134 309175 187357
19 378302 448361 388785 449875 507085 386951 474010 224117 193259 227814 383039 472796 438106 465908 231343 415039 290549 64474 113791
19 443838 251753 388785 449875 376013 485255 244634 355189 226027 227814 448575 374492 241498 367604 460719 408671 31734 317291 191677
19 247230 382825 257713 384339 244941 485255 441242 420725 357099 424422 251967 440028 372570 433140 460719 212063 316735 61173 97258
19 378302 382825 454321 384339 507085 485255 244634 420725 226027 424422 383039 440028 241498 433140 460719 343135 185723 97268 61119
19 378302 319337 487089 253267 261325 386951 506778 486261 373483 424422 251967 423646 241498 465908 429759 349563 177661 98012 60391
19 443838 448361 487089 449875 228557 386951 244634 224117 373483 375270 448575 227036 503642 367604 462015 407403 293876 56543 128815
19 443838 448361 487089 253267 228557 452487 375706 355189 373483 375270 251967 227036 241498 367604 462015 407403 32732 318527 189415
19 443838 448361 487089 253267 228557 452487 244634 486261 373483 375270 448575 227036 372570 367604 462015 407403 293852 52479 128935
19 247230 251753 487089 384339 359629 452487 506778 420725 439019 440806 383039 358108 372570 433140 462015 210795 187487 123879 32764
19 320958 251753 487089 253267 457933 386951 244634 486261 373483 506342 514111 489180 241498 302069 462015 276347 155630 89822 61365
19 320958 251753 487089 515411 457933 386951 244634 486261 373483 244198 514111 489180 241498 302069 462015 276347 155630 89822 60861
19 189886 513897 487089 384339 457933 255879 375706 486261 242411 506342 514111 358108 372570 170997 462015 145275 286702 59319 89822
19 452030 251753 487089 384339 457933 255879 375706 486261 242411 244198 514111 358108 372570 433141 462015 145275 286702 59319 97501
19 452030 513897 487089 384339 457933 255879 375706 486261 242411 244198 514111 358108 372570 170997 462015 145275 286702 59319 89311
19 452030 251753 487089 253267 457933 386951 244634 355189 373483 375270 514111 489180 241498 302069 462015 145275 417774 121951 94133
19 452030 251753 487089 253267 457933 386951 244634 355189 373483 375270 514111 489180 241498 302069 462015 407419 155630 121951 61365
19 452030 513897 487089 253267 195789 386951 506778 355189 373483 375270 251967 227036 241498 302069 462015 407419 417774 121951 123879
19 189886 513897 487089 384339 457933 255879 506778 486261 242411 506342 383039 358108 372570 170997 462015 145275 286702 58359 89822
19 452030 513897 487089 384339 457933 518023 244634 486261 242411 244198 383039 358108 372570 170997 462015 145275 286702 58359 89279
19 452030 513897 487089 384339 457933 255879 506778 486261 242411 244198 383039 358108 372570 170997 462015 145275 286702 58359 89311
19 452030 382825 487089 384339 457933 518023 244634 486261 242411 244198 383039 489180 372570 170997 462015 145275 286702 60405 89279
19 452030 382825 487089 384339 457933 255879 506778 224117 242411 244198 383039 489180 372570 170997 462015 407419 286702 60405 121951
19 452030 382825 487089 384339 457933 255879 506778 486261 242411 244198 383039 489180 372570 170997 462015 145275 286702 60405 89311
19 247230 188265 487089 515411 490701 255879 375706 355189 373483 457190 251967 423646 503642 367604 396991 210795 308733 56895 97244
19 509374 513897 327345 515411 490701 518023 244634 224117 242411 375270 448575 489180 307038 367604 462015 276335 158715 85499 65087
19 247230 194409 380657 245075 384205 485255 310174 486261 422635 424422 251967 374492 438106 433130 460727 343135 445629 96171 130036
19 110078 382825 487089 245075 244941 386951 187291 486261 381675 424422 505919 161501 446298 462525 433126 349563 304575 294620 260006
19 435646 448361 487089 441683 376013 255879 383898 224117 250603 227814 440383 358108 380762 462525 236518 415099 293876 59311 113759
19 452030 327529 487089 507219 474317 259975 514970 486261 447211 252390 505919 358110 233338 347327 306151 415595 147196 104445 60895
19 468414 481129 257713 474451 392397 509831 326554 125813 439019 253414 481855 128732 454490 432605 106230 293876 151231 341807 177531
19 468414 481129 257713 474451 392397 509831 326554 387957 439019 253414 219711 128732 454490 432605 106230 293876 151231 341807 176635
19 501182 448361 257713 376147 228557 509831 359322 224117 373483 450022 449087 227036 454490 367069 204534 407343 289277 57015 112491
19 501182 382825 257713 376147 228557 509831 359322 224117 373483 450022 449087 227036 454490 498141 204534 407343 289279 65205 112491
19 468414 481129 503473 228691 376013 452487 129946 453493 226027 450022 498239 390876 380762 248317 179178 294644 408927 354223 237239
19 239038 128873 503473 261459 507085 518023 424858 420725 455403 384486 113215 489180 380762 151039 408554 333631 302655 289277 252916
19 501182 382825 257713 490835 507085 452487 490394 453493 455403 384486 129599 227036 380762 151037 147438 333751 302687 289277 234491
19 501182 513897 503473 392531 376013 255879 326554 191349 258795 220646 465471 423644 479066 313853 179178 352767 431935 90023 113759
19 239038 251753 503473 261459 507085 386951 457626 322421 389867 351718 465471 423644 479066 444925 310250 221695 169791 113759 32756
19 501182 513897 257713 458067 507085 386951 457626 387957 324331 482790 227903 227036 479066 52733 49134 287231 401079 335455 234491
19 370110 382825 503473 392531 507085 485255 195482 224117 488171 450022 367167 194268 446298 215549 211946 400991 288191 64500 104255
19 501182 382825 454321 245075 228557 452487 359322 486261 373483 318950 449087 227036 380762 231933 401142 472879 178651 126141 55271
19 484798 251753 487089 458067 474317 518023 244634 359285 258795 384486 449087 505564 315354 461309 300975 417642 142327 109951 65213
19 419262 481129 454321 474451 195789 386951 244634 453493 471787 384486 383551 259804 249690 494077 433847 98036 311146 293343 223151
19 226750 448361 487089 245075 228557 452487 375706 486261 504555 384486 449087 390876 118619 494077 401079 343914 48093 288191 192486
19 386494 382825 487089 245075 228557 386951 244634 486261 373483 450022 449087 456412 446298 231933 466615 278379 156159 98012 57255
19 484798 513897 388785 245075 228557 386951 244634 486261 504555 327142 449087 456412 446298 363517 466615 278382 156159 89563 65447
19 484798 382825 454321 245075 228557 386951 244634 486261 504555 384486 449087 456412 511834 231933 335543 409454 29691 310749 188327
19 484798 382825 257713 474451 195789 386951 441242 191349 471787 384486 383551 194268 511834 461309 106167 155382 292655 309725 210795
19 484798 382825 257713 474451 195789 518023 441242 191349 471787 384486 383551 194268 380762 461309 106167 155382 292655 305661 210795
19 484798 382825 257713 474451 195789 386951 441242 256885 471787 384486 383551 194268 446298 461309 106167 155382 288687 309725 210795
19 386494 382825 454321 245075 195789 386951 474010 420725 471787 482790 121407 194268 249690 494077 433847 97343 309099 293852 222183
19 386494 448361 388785 245075 392397 518023 474010 355189 471787 482790 449087 259804 446298 231933 302775 162879 404477 114538 88055
19 255422 448361 388785 245075 392397 518023 474010 355189 471787 482790 449087 390876 446298 231933 302775 162879 404477 112491 90102
19 189886 448361 257713 376147 130253 485255 375706 486261 471787 482790 186943 390876 511834 363005 171703 162911 277500 317351 211946
19 386494 251753 388785 245075 457933 386951 441242 322421 242411 482790 481855 423644 479066 428541 335543 205311 186159 114522 32501
19 255422 251753 454321 376147 326861 255879 375706 453493 242411 482790 481855 423644 479066 363005 401079 336383 178027 90023 65244
19 452030 448361 487089 245075 228557 452487 375706 486261 504555 384486 449087 390876 249690 494077 466615 278379 162780 95679 61415
19 255422 448361 487089 376147 359629 452487 375706 486261 242411 450022 449087 358108 511834 363005 401079 210795 178653 120743 32510
19 492990 448361 376497 482643 503245 194439 490394 240501 189179 195046 514111 358108 355950 121844 409450 206775 310493 313339 220255
19 492990 448361 376497 482643 503245 194439 490394 240501 189179 195046 514111 358108 355950 383988 409450 206775 310493 51195 97375
19 492990 382825 245425 515411 437709 227207 326554 437109 385787 358886 251967 456412 224878 416756 343914 462303 186159 113853 60379
19 378302 382825 229041 384339 437709 227207 441242 437109 369403 227814 514111 456412 224878 465908 237103 413147 292655 65268 110043
19 378302 382825 229041 384339 437709 489351 441242 437109 369403 227814 514111 194268 224878 465908 237103 413147 292655 65268 108027
19 443838 382825 196273 384339 486861 194439 375706 437109 484091 506342 514111 505564 126574 220148 210239 270063 425818 356277 233435
19 355646 252777 456369 388435 388301 423815 498586 440180 473835 498150 454845 385883 247782 413117 244799 220894 318299 63462 77821
19 224574 252777 390833 453971 453837 358279 498586 374644 211691 498150 389309 254811 493542 347581 437311 417502 16359 318299 194300
19 355646 383849 259761 453971 453837 227207 434074 505716 342763 498150 192765 385883 493542 216509 240703 417502 293799 63228 105435
19 388158 318317 374451 486739 486605 243591 449434 243572 252650 448998 503997 484187 444390 494781 465755 276455 159165 98296 65119
19 228414 187245 243379 486739 486605 374663 449434 374644 384746 448998 373181 484187 182247 494781 465755 407526 290237 64095 126968
19 257086 187245 243379 486739 486605 374663 449434 374644 384746 448998 373181 484187 444390 494781 465755 145383 290237 64095 98296
19 486462 121709 358067 191859 453837 112527 449434 505716 252650 383462 503997 451419 378854 494781 465759 147450 292775 323033 229077
19 224574 449385 390833 486739 486605 243591 449434 374644 244459 448998 487613 451419 378854 232893 400991 343014 308669 28539 122590
19 421694 252777 489137 519507 519373 440199 383898 374644 309995 219623 520381 254811 378854 429501 204383 343546 188126 93759 46589
19 208510 453481 472817 458067 490701 505735 416671 382836 383722 256487 503997 254811 378364 233023 367578 360362 65461 274047 185854
19 143102 453481 472817 458067 490701 374663 154527 122741 383722 125415 503997 189403 509436 495167 498650 360362 325556 293983 259390
19 208510 256873 472817 261459 490701 505735 416671 382836 383722 453095 503997 451419 378364 233023 367578 360362 62911 274047 188404
19 437822 502633 456369 384339 253133 440199 383898 489332 359146 436711 258237 516955 378364 413607 343516 204415 187866 110263 31727
19 437822 502633 259761 449875 449741 243591 383898 227188 359146 240103 454845 385883 509436 216999 343516 401023 293862 46783 122203
19 241214 502633 259761 449875 449741 243591 383898 489332 359146 240103 454845 385883 443900 216999 343516 401023 289767 46783 122330
19 503358 502633 259761 449875 449741 243591 383898 227188 359146 240103 454845 385883 443900 216999 343516 401023 289767 46783 122203
19 454206 502633 259761 515411 253133 505735 383898 358260 359146 502247 258237 451419 378364 413607 277981 204415 169982 110143 31723
19 454206 502633 521905 253267 253133 505735 383898 358260 359146 502247 258237 451419 378364 413607 277981 204415 169982 110143 31719
19 454206 241513 521905 384339 384205 243591 514970 489332 229098 502247 127423 451419 378364 413607 409053 335487 38910 289767 195293
19 372286 441193 521905 384339 384205 440199 252826 227188 228074 240103 389309 516955 443902 479143 474588 401023 28637 326630 195647
19 372286 502633 390833 458067 384205 505735 252826 227188 228074 502247 454845 516955 247292 413615 409052 335487 39927 294890 192063
19 241214 502633 259761 384339 384205 178119 416698 423796 424682 436711 258237 385883 476668 233383 368092 93759 326687 276455 220122
19 503358 502633 456369 384339 384205 210887 351162 227188 228074 453095 520381 385883 476668 233383 434140 421407 15867 325543 187999
19 355902 486249 505521 449875 449741 243591 449434 243572 260842 223719 389309 484187 443900 233383 335707 407036 290727 48126 121951
19 192062 224109 194227 482643 449741 374663 482202 374644 375530 371175 454845 484187 509436 233383 466015 407477 293866 64607 122872
19 192062 225129 456369 482643 449741 374663 482202 374644 375530 371175 192703 484187 509436 233383 466015 407477 293866 64607 121852
19 192062 486249 196273 482643 449741 374663 482202 374644 375530 371175 454845 222047 509436 233383 466015 407477 293866 64607 120826
19 486974 486249 456369 122707 384205 440199 252826 440180 244458 174575 389309 484187 378364 413607 343135 202748 318811 306151 228535
19 224830 486249 259761 449875 449741 374663 449434 374644 375530 371175 258237 484187 443900 348071 408671 464892 176039 121951 64506
19 421438 421737 521905 384339 384205 243591 514970 243572 244458 240103 356543 451419 378364 413607 408671 203772 301052 60391 97375
19 437822 387945 259761 384339 253133 423815 383898 489332 359146 453095 243901 370523 476668 429991 463870 208479 56798 325301 162795
19 437822 387945 259761 384339 253133 423815 383898 489332 359146 453095 243901 501595 476668 429991 332798 208479 56798 310965 162795
19 437822 387945 456369 253267 253133 423815 383898 489332 359146 322023 243901 370523 476668 429991 463870 208479 187866 128189 31719
19 241214 486249 245425 458067 188109 489351 383898 382836 490218 215543 454845 238431 452092 498991 399354 343261 306151 32575 128490
19 486974 470889 521905 507219 319181 227207 368538 382836 260842 444919 340223 451419 386556 220463 179125 416732 407023 125743 106207
19 388670 372585 489137 376147 220877 456583 499610 481140 457450 248311 340223 254811 484860 318767 179125 420715 401119 121844 112111
19 192062 438121 390833 507219 253645 423815 499610 481140 490218 248311 438527 254811 484860 384303 211893 339551 326620 24571 112110
19 323134 372585 259761 507219 450253 358279 499610 251764 490218 444919 372991 451419 484860 351535 408501 200415 177646 121820 32635
19 453694 441193 483001 343383 519373 450439 244634 251764 374506 252390 385469 422527 469998 367963 495285 223219 325596 56055 97599
19 359486 383849 425649 515411 454349 358279 498586 243572 243434 440822 254397 447071 330735 247733 502847 225242 325099 61404 88703
19 228414 514921 360113 253267 257229 358279 434074 440180 440042 375270 451069 250463 330735 509877 240703 421850 293439 60891 112614
19 257086 514921 388785 450003 453837 243591 424858 440188 505578 358886 254397 512607 494570 346101 339551 204223 327463 40443 97246
19 257086 252777 388785 449875 519373 243591 514970 505716 440042 375270 451005 381535 486378 481205 474207 135167 293623 62971 98268
19 486462 252777 454321 343507 486605 456583 383898 309116 382698 252390 451005 225887 371690 466109 233335 415718 162651 126519 46589
19 388158 383849 257713 441811 486605 391047 482202 472956 448234 252390 451005 258655 502762 498877 364407 163631 293623 49116 95739
19 453694 387945 442033 486771 253133 452495 383898 259956 358122 375270 225725 512607 503764 464815 232955 416503 294874 64701 113519
19 388158 256873 376497 486771 384205 452495 252826 456564 227050 244198 356797 512607 503764 464815 429563 416503 16223 326634 195773
19 388158 256873 376497 486771 384205 452495 252826 456564 227050 244198 356797 512607 503764 464815 429563 416503 278367 64490 130237
19 486590 486377 507569 191859 449741 239503 449434 350071 128746 506342 127421 455263 380884 233263 335323 147324 292775 305791 219863
19 470206 371689 229041 454003 482509 501647 383898 333687 325354 391654 487869 258655 511956 184111 180060 424810 401143 130109 104443
19 470206 371689 229041 454003 515277 468879 383898 333687 325354 391654 487869 258655 511956 184111 180060 424794 401143 130109 104443
19 470206 502761 229041 454003 515277 468879 383898 333687 325354 391654 487869 258655 380884 184111 180060 424794 401143 126015 104443
19 437438 437225 392881 486771 515277 501647 514970 235383 227050 391654 225725 455263 249812 347951 343900 400119 292860 40443 125567
19 371902 240617 327345 486771 384205 501647 252826 104311 227050 195046 356797 455263 511956 413487 409436 465655 431611 392042 261181
19 502974 502761 458417 388467 122093 174047 121786 235383 489194 457190 487869 389727 479188 446255 376668 27391 417243 341927 229135
19 240830 240617 458417 388467 515277 436111 514970 464759 358122 457190 356797 258655 479188 315183 376668 420479 155099 105207 63484
19 511038 494445 450227 503155 392397 247695 506778 128884 243434 227814 389565 422495 421844 483288 409269 329215 43003 293743 195679
19 445758 486249 450225 486739 449741 243591 359322 374644 354027 375270 250301 455263 241396 367594 462175 409269 161770 121919 60383
19 249150 486249 384689 486739 253133 374663 424858 440180 419563 440806 381373 258655 372468 433130 462175 212661 318527 60379 96238
19 445758 486249 450225 486739 449741 374663 228250 374644 386795 375270 446909 225887 241396 236522 462175 407477 293866 64607 116671
19 249150 256873 384689 453971 515277 374663 424858 374644 452331 473574 381373 258655 470772 465898 429407 85439 48823 293723 161788
19 445758 322413 188083 388435 253133 505735 359322 227188 485099 506342 250301 324191 241396 367594 462303 409151 423928 120757 125803
19 380222 453481 253617 388435 384205 227207 441242 472948 435947 440806 225725 381535 225012 464874 236607 412511 294077 63462 109531
19 380222 256873 319217 257363 384205 489351 179102 440180 239339 440806 356797 512607 421620 219114 343103 461791 453947 113642 122549
19 380222 256873 319217 257363 384205 489351 179102 440180 239339 440806 356797 512607 421620 481258 343103 199647 453947 113642 97973
19 380222 256873 319217 257363 515277 358279 179102 440180 239339 440806 356797 512607 421620 219114 343103 461791 453947 113626 122549
19 494910 256873 474801 257363 441549 382855 195482 358260 378603 358886 496061 193119 421620 416478 113642 216443 313263 310367 210869
19 294206 424809 384689 257363 392397 513927 244634 497524 485099 506342 381373 455263 429815 478043 339263 204540 190460 113642 32695
19 511294 494445 450227 503123 392397 251783 506778 128884 239339 227814 389565 422495 421620 483288 409269 329215 43003 293743 195679
19 511294 445293 450227 257363 130253 448391 490394 358260 485099 440806 389565 242271 503540 237528 329215 147007 294361 310127 219111
19 380222 379757 351923 519507 228557 497543 195482 472948 435947 440806 487869 127583 225012 188376 113759 420715 285887 309240 231343
19 249150 248685 220851 453971 425165 497543 392090 472948 370411 375270 422333 258655 487156 319448 179295 355179 433127 89279 112632
19 511294 445293 450227 503123 228557 448391 359322 391028 370411 326118 242109 488031 225012 368600 400119 468911 179673 121919 60399
19 380222 379757 384691 503123 457933 251783 424858 227188 239339 227814 504253 324191 421620 434136 334583 470335 182191 112632 64607
19 470334 453481 474801 249299 482509 374663 457626 251772 255723 326118 250301 422495 388852 367463 171994 96234 439741 347615 211575
19 470334 519017 245425 478675 482509 243591 326554 120700 386795 326118 250301 422495 192244 498535 303066 96230 435647 343103 224091
19 372030 256873 474801 445907 384205 472967 261018 415612 190187 227814 446909 389727 487156 236391 434138 355675 309879 30702 122045
19 486718 453481 360113 511443 384205 472967 195482 235388 239339 244198 381373 455263 388852 416615 310367 221146 432061 109547 97343
19 486718 256873 360113 249299 384205 472967 457626 497532 239339 440806 381373 455263 323316 416615 375903 221146 181695 109547 32501
19 486718 387945 491185 511443 449741 472967 129946 235388 239339 244198 446909 389727 454388 351079 310367 417754 142319 366525 195647
19 453950 486249 261809 445907 449741 374663 490394 366460 370411 375270 446909 225887 257780 220007 212063 399293 293862 64607 100347
19 453950 453481 130737 478675 384205 440199 490394 464764 468715 506342 512445 127583 126708 187239 113759 163383 286684 305131 198651
19 453950 453481 392881 511443 384205 194439 490394 497532 194283 506342 381373 488031 94196 220007 81279 395199 294620 306155 233183
19 453950 387945 458417 380371 449741 243591 359322 497532 239339 244198 446909 356959 487156 220007 408671 460735 310250 63413 122079
19 388414 453481 392881 478675 384205 440199 261018 464764 468715 440806 479677 127583 257780 187239 113759 162423 286173 309226 198591
19 257342 453481 229041 445907 482509 243591 392090 497532 501483 375270 479677 455263 356084 121703 474207 404459 30709 314815 188378
19 120574 520557 517363 514899 511693 374663 194975 180085 441066 368057 359093 423896 94187 417254 474207 459775 316991 322014 257854
19 251454 258413 484595 514899 380621 243591 387486 372596 506602 449977 457397 325592 192299 499174 466527 16379 418303 358191 225244
19 480830 258413 484595 252755 380621 505735 387486 372596 244458 449977 457397 325592 192299 499174 466527 16378 418303 358191 225013
19 480830 487789 255219 383827 249549 472967 387486 241524 375530 449977 195253 325592 421675 499174 433759 94172 434687 358071 228203
19 226878 373229 238843 236375 192205 358279 506270 323446 383722 449977 486069 448472 510827 476407 475057 400350 423279 130653 131042
19 374334 455021 189939 506707 241357 391047 227742 249716 449262 368057 518837 514008 355179 480383 474598 397247 294649 60894 130859
19 374334 455149 451827 359251 356045 505735 194974 446326 252650 368057 518837 251864 240491 480383 470494 139239 294713 64998 91839
19 374334 455021 451827 359251 356045 259975 457118 249716 252650 368057 518837 514008 502635 480383 208382 401383 294841 64998 114271
19 226878 236909 191731 499539 489165 388999 433566 323444 383722 357817 172799 512494 478043 509621 342965 404974 424763 113759 130040
19 382526 383341 310515 490323 440013 384903 440734 241524 228074 226745 520885 516590 411519 233436 466731 339191 192427 98264 56447
19 439870 448877 453875 514899 505549 229255 387486 126836 252650 243129 488117 385518 476987 364277 466414 338911 65528 284479 195679
19 357950 514413 371955 490323 440013 122759 440734 241524 252650 488889 389813 254446 444283 495325 466731 409078 28591 326618 194143
19 433726 473453 240883 383827 188109 503687 227742 257908 490218 456121 455349 229887 419675 481254 374744 347837 322030 16375 128811
19 433726 473453 503027 383827 450253 241543 489886 257908 228074 193977 455349 492031 419675 219110 374744 347837 322030 16375 121951
19 482878 506221 257267 449363 483021 388999 506270 388980 375530 357817 258741 442879 468827 235494 429757 159214 276471 64607 89083
19 357950 227693 457971 126803 382669 475015 252318 499572 260842 390585 371389 239086 476151 446255 439135 421852 8187 326118 194229
19 226878 194925 236787 421715 480973 245639 448926 499572 457450 488889 469693 435694 246775 380715 373595 358886 325301 8191 126936
19 489022 489837 417011 126835 120557 147423 121278 450420 506602 505273 453309 452078 476151 495403 367839 356312 324443 278439 262023
19 325182 325997 163059 388947 489165 180103 489886 515956 506602 505273 256701 255470 443383 200575 367839 352171 454616 81908 119771
19 456254 457069 318707 487251 481229 311175 481694 384884 473850 505273 387773 386542 443383 495403 236767 229031 192472 127835 16383
