21 1585022 1660349 1627131 1780983 1318895 878047 2009789 2084990 392759 1506645 490299 1554265 1560470 1036137 1030054 2063300 982442 1965768 262128 1302767 695007
21 1073022 1355253 487915 1798885 1875875 1930399 1306383 2078782 515671 1826137 1891187 2009043 1001405 2083054 997229 2043858 979948 916428 785846 1572536 569083
21 1576958 1637233 493561 497637 1601511 1419743 961215 2043005 1431103 972127 2053021 1831155 2092810 2087154 2080530 490350 1506732 917196 260076 1212115 622003
21 1056766 1177317 1244003 987121 995273 1169359 742335 1922427 1988861 765055 1944251 2012957 1501671 2088470 2077158 2063910 976634 916316 1834392 520152 327079
21 1596412 524044 1720123 1851223 1689581 1820629 1964217 2095217 1494591 1004863 2073406 1503695 1010383 2071758 498675 1535474 980722 393126 262090 1128189 568829
21 1584894 1696221 1631227 1777127 1965575 1974221 1533359 1026415 2085102 2030645 1538681 1029817 2084664 511703 1554262 1014678 458202 393192 262128 1088447 546687
21 1071102 1719781 1785251 1429233 1438569 1522783 1363899 1757007 1766103 1962457 1005807 2073838 1009463 2071350 1021913 2059224 982588 916902 786040 524166 44031
21 1585022 1776877 1646075 1762039 1893357 1533151 1026239 2084990 1965589 2030873 1538855 1029959 2084742 511865 1554360 1014744 458214 392938 262128 1088479 546751
21 1073022 1355253 487915 1798885 1875875 1930399 1306383 2078782 515671 1826137 1895283 2004947 1002429 2082030 997229 2043858 979948 916428 785846 1572536 569083
21 1064942 1230837 734683 1915349 2081230 1572355 1626015 1979231 2052319 1506531 784999 1963625 995245 1023661 2068338 2059890 982332 915382 1833912 523740 314363
21 1576958 1799053 1752243 357363 1416685 896733 1953593 472895 1529563 1009131 2001909 2028661 1567134 1039022 2079562 2063476 455674 1965958 262136 1240679 712023
21 1580990 1791461 240123 1420021 961389 2042975 2093118 1179407 720535 1899929 2055075 501693 2082755 510972 2078658 490460 1506542 916854 1834616 1464179 874219
21 1193966 1491961 1654233 771543 1952206 1572355 1589151 2016095 2052319 1506531 785005 1963636 2043749 2072165 1019834 1011386 982332 915371 1833906 523740 277495
21 1776118 1172461 714219 1894118 2064129 1617871 2070703 2084975 261687 1441082 981820 2045809 2052049 511806 505758 485358 1506259 916949 1834712 1449213 858875
21 1584638 1696669 1834019 1843187 1958859 2030669 1974201 1533787 1026779 2085338 1538285 1029485 2084460 511415 1554102 1014582 458646 393188 262136 1088383 546559
21 1679030 1271709 878507 1992646 1309027 915797 2029880 2039567 489726 2075791 2089615 2069489 2083313 509822 505214 2063985 458679 1441754 786412 1351405 696027
21 1327022 1427381 604123 1719253 1819598 1571907 785468 1888031 2044575 2052511 915687 2028777 995181 1023341 2068210 2059506 980854 1964920 1310627 262108 445371
21 1599454 1681909 1453995 1988517 655043 2070926 785939 1939775 2024111 458077 1538653 505590 1036024 1560407 2078553 1014770 2030834 1441644 1310636 1167867 1009071
21 1871822 1701205 456027 1505957 1013094 2063000 1029527 2079337 1035863 2084265 1037143 2089897 1303806 1300734 1294142 1277903 1769458 393212 659453 1380339 653995
21 1782710 1169357 711627 1891782 2043617 2059857 511550 2076959 1638031 257399 1436538 976764 2089359 2039729 499566 483278 1505011 916213 1834232 1456573 865723
21 1584894 1696245 1827283 1974241 1703463 1843163 1533359 1026415 2085102 2030649 1538681 1029817 2084664 511703 1554262 1014678 458198 393164 262120 1088447 546687
21 2068028 1604092 1944267 382199 1496427 1004955 1114014 622446 1736434 2076101 513017 1827783 517626 1825734 245242 1539677 982701 1965873 1807933 1518503 961367
21 1576958 1637233 493561 497637 1829095 1419743 961215 2043005 1433135 974159 2055053 1603571 2092810 2087154 2080530 488318 1504700 915164 260076 1212115 622003
21 1949950 2055013 516987 1566133 1042125 1178063 654007 1703033 1506862 982358 2030488 1800162 1814498 237564 1839103 473085 1751295 1949470 1754911 1531603 1007019
21 1295342 350141 1485747 1660883 1851278 523335 1834025 1888031 2052767 2072991 915706 2028788 1011066 2072180 1023467 2060005 980843 1964901 786358 1572824 699357
21 816110 908713 1502161 745187 1552228 1914715 1980093 982095 1440311 1796477 2070778 1820574 910827 1496053 768911 1539478 1761082 1699548 1095159 220907 503668
21 572862 744125 1207259 1307847 818983 892819 1566604 1805167 1879797 2050550 1962361 947127 1043515 1498461 1523294 2045417 2021098 1440462 1834864 368563 518092
21 815998 1422773 1718219 1989573 912739 912979 683837 1548046 1750239 2054381 1812982 2082552 1565583 775543 1030777 1539506 1506994 1703884 1170107 159613 499598
21 1207278 1541853 1506403 757715 1939402 1998213 1178399 2041659 1669881 2073051 1038526 783725 1961332 1989605 2014565 1007198 958426 913071 1832630 524216 291831
21 1645558 1303021 910059 2024678 2047777 2058399 1630095 2082927 1310291 916821 2030424 2037745 2076497 513854 501742 489422 457655 1441210 786108 1318653 663035
21 1711582 634741 1978251 1988549 260579 916178 1693499 2029629 1304159 1959278 2042703 1029303 2083065 511926 1553400 490482 458610 1441181 1834668 1318639 939981
21 634718 1719781 251355 906965 511885 1997762 1700655 2022462 1305207 1960313 1030303 2041779 2024686 2039651 1545212 481245 454493 1441206 1834680 1326827 949218
21 1776626 254957 1435114 976614 2047777 2058399 1630095 2082927 1179223 720219 1899356 2037745 2076497 513854 501742 489422 1505719 916155 1834172 1449721 859637
21 1580990 1791461 240123 1420021 961389 2042975 2090046 1179407 720535 1899929 2053091 504765 2084739 510972 2078658 490460 1506542 916854 1834616 1464179 874219
21 573302 683989 1019619 1569264 1603563 1939165 1484479 2049662 1833499 630263 944887 1046279 1960761 1498459 2047386 1522541 2022316 1437134 1309932 90039 520696
21 1089022 1209213 1558419 1604579 1555559 1589211 1833019 1953581 972463 2057646 2067381 1946873 977275 2054778 1029070 1007061 2027220 915286 786324 524264 77567
21 1227708 880364 1673211 1478391 2004845 992223 2049470 1304943 1831157 900159 1956446 1570443 2092817 1039267 2080194 1212317 819174 1374713 753274 358262 187869
21 1334766 1589113 1569009 1953667 783206 1195991 2028599 1560365 745147 1813946 1887211 1914795 1010039 2071158 1021405 2057948 981916 914420 1834189 524122 306927
21 810938 1034097 1308920 1850357 1756015 1528671 2073406 1965325 902907 933243 1047427 1767069 1535661 2072268 1285559 1797590 1504742 1179254 604139 307163 260348
21 1136622 1195509 1494739 1962801 982062 1831259 1298343 1523527 1654507 1953229 941015 2009046 1009083 2070970 1021565 2058876 1897449 851190 786076 524088 109551
21 1784742 1908457 778745 386806 1501036 1550943 2083902 655119 1769109 1359291 1891290 2037731 2060163 512957 1029596 485372 981231 1964405 1310330 1269191 925555
21 632814 776557 1187827 912291 1474276 1305183 1831991 1883933 1023631 1519037 2044885 1495998 2018774 1951481 2078842 883179 976747 1400694 1834904 390603 425716
21 1936630 1634797 1405675 1995622 1032065 1855439 2085935 130871 720570 490940 1022961 2074545 255966 1301406 1291246 1801683 1507029 1965912 1773181 1478011 1042543
21 1597366 1719033 1951097 522358 1493487 1003999 2073022 1720179 1951477 1834371 1964933 1504923 1011371 2072266 499517 1535836 980844 391930 261500 1128423 569303
21 1678294 1303021 910059 2024678 2039649 485214 2074687 1638159 1277619 884149 1997752 2070481 2084753 509934 505774 2062543 457591 1441146 786044 1351389 695771
21 1089502 1388269 1664947 1505395 719277 2062878 1548171 765783 1824469 1908199 1958855 963323 2018169 1035454 2078012 949721 1992678 915960 1834602 524212 350063
21 1584126 1875689 780185 719095 1800557 1866203 1941051 976687 2057909 1551815 2085830 1553019 2083962 510909 1029564 491214 1507156 393116 1310690 1070591 860019
21 1711094 1982129 254969 910836 2025871 638671 1695533 1028415 2085085 1309799 1964650 1996403 2035683 511678 1552220 485372 456684 1440663 1834394 1318395 941907
21 1904374 841645 652011 979814 1523169 1529439 2058813 1703191 2030746 1035375 1547187 2074577 1303998 1825244 766958 753550 1244917 1441656 1707899 322511 474609
21 1666270 818041 1804217 753415 1412071 2003926 1899699 2073973 506558 1562942 1833165 391003 978794 1007051 2047563 1515508 1503133 1963948 1309682 1209583 1033973
21 1206238 1472981 495083 1806053 1865571 892764 2010175 1309455 390839 1701305 1033085 2076910 1960882 1989587 2045843 991212 974764 1961167 785782 1572472 686811
21 1773422 1906645 121787 715701 849326 261405 2047619 1899102 1033791 2050511 2077043 1307373 1436918 2022648 506812 490940 1498983 1961833 1832914 1451995 999107
21 1071102 1589173 1691091 1569393 1831567 1458123 1559981 1654135 1887975 2027835 1006055 2074086 1009339 2071226 1021789 2059100 982236 917112 786280 524182 44031
21 911598 1881017 487033 1668759 1996558 502727 1035685 1679211 2006770 1260990 1792988 518117 1828762 1563199 2079837 2062819 1244909 1441652 715127 1365467 784282
21 1150958 1516537 1629657 879063 1995214 1572355 1779615 1874783 2080991 1555683 1833573 915117 2027188 1007226 1031484 2056101 978795 1963890 785338 523740 169975
21 1207774 1604345 1542009 1506823 756711 1938390 2040759 1670515 2082037 1030270 1571213 784027 1961642 1990347 2014603 1007420 958452 913245 1832812 523250 292335
21 1238942 1472981 495083 1806053 1865571 892764 2047038 1309455 390839 1701305 1024893 2085102 1928178 1988563 2014099 1003437 958444 1961167 785782 1572472 686811
21 1653678 1711861 778491 1958261 1500782 1550943 2083902 786183 1965705 1490355 2022354 2037731 2060163 512957 1029596 485372 981485 392950 1310584 1138127 794491
21 1595358 1719669 772731 1952437 1530671 2075422 784263 1963849 1980147 1032701 2030019 1569854 1535443 2072034 499421 1011436 457468 393078 1310648 1091567 802235
21 1584638 1827737 1843177 1958823 1834083 1899613 1974197 1533775 1026767 2085326 1538293 1029493 2084468 511419 1554106 1014586 458650 393170 262124 1088383 546559
21 1619422 1819509 769611 1949317 1492963 2051026 687543 1867129 2085107 1567806 457437 1013484 1027533 1023693 1544178 1537823 2030382 393078 1310648 1128943 902075
21 1842172 1827964 1678795 385527 1499883 1008475 2074687 1376029 884397 1998257 1833862 2070469 2084741 509946 505786 1539294 982382 1965682 261113 1253223 696023
21 1808510 1696717 1830659 367603 1482217 990937 2076859 1865594 1375902 884142 1997748 513853 495609 2082758 2076550 1538399 981615 1965173 262136 1271527 714199
21 1584638 1696669 1834019 1893363 1908683 2030669 1974201 1533787 1026779 2085338 1538293 1029493 2084468 511407 1554094 1014574 458646 393188 262136 1088383 546559
21 1056766 1619893 1666003 515697 373743 1488347 1534397 1632119 1784055 908447 2022059 2053965 1019707 2081270 2076364 1013434 981852 1965416 786040 1572742 683495
21 1520062 1300301 1428435 734963 867245 1981849 1822350 2058365 1375799 654686 1768298 1894388 1025851 991161 2068422 2056006 979679 1963243 1833397 524024 445927
21 1203182 1287661 1326835 784787 1965580 1486791 1529767 671599 1820395 1859061 1942518 979645 1010397 1023166 2071385 2059578 2028890 653803 1703540 524184 378743
21 1663966 752853 1281771 1937253 1995683 1482652 654735 1241975 1897209 1549757 1030766 2085998 978418 1005523 2046419 1515500 2027087 1441462 1834808 359771 510909
21 1711606 1994577 258553 914164 614255 1679261 1012895 2077805 1306167 1961274 1977331 2021171 1034493 1558478 506718 1538988 455676 1441223 1834698 1318651 962467
21 830942 1970161 915033 1440101 702407 1530826 1864511 2068275 1751291 2053366 1043095 1566123 1827708 777565 1556076 753053 1506988 1703858 1134319 178135 482282
21 1968062 1481213 2009835 996599 2053483 1673183 1964094 245551 1302195 1830309 783289 1569734 519642 1040076 2080592 1146854 589816 1867679 1734751 1533565 969591
21 1645550 1827037 753251 1434579 2024906 2039685 589599 2074939 1875705 392557 981876 997349 2051941 511710 1554014 1533914 1505967 1965238 1310648 1187319 1036731
21 1325038 1867173 1949251 509937 1821672 1211867 1293885 2020155 2056891 2068957 522351 1832054 1879783 1924455 1027514 1007324 978780 905208 784271 1571734 539639
21 1712046 1847253 1288635 1823157 1958350 261709 917042 2070815 2024095 982371 2062947 505575 1036009 1560438 2078584 490492 1506556 1179565 1703890 1333211 1009055
21 1599454 1692149 863611 1977973 1528943 2070622 2089023 1834755 917127 2030985 490397 1030060 1560498 1036237 1554387 2063330 458230 1441528 262012 1092591 709371
21 1612766 1696237 1252603 859511 1973869 2057310 2074687 1310471 917131 2030993 490428 497629 511901 2082786 2078626 2063299 458222 1441524 786296 1368955 713463
21 739310 1589233 1035177 1045701 1376098 1821527 1831995 999183 1400503 1469879 1405915 2012086 1945050 2006746 1542013 2062460 972269 912109 1310620 243951 327538
21 1361886 1908453 129755 457557 1304461 2047426 850351 1697143 2024697 1563679 2050995 1013358 2075246 776700 241629 1274845 1769142 1965880 1711979 1523170 1021875
21 1936882 1176045 1766122 1536870 1032065 1855439 2085935 589623 360123 949692 1022961 2074545 255966 1301406 1291246 1801431 1506651 1965660 1773433 1478389 1042543
21 1585022 1696237 1776883 1893363 1973997 1533151 1026239 2084990 1965579 2030873 1538869 1029973 2084756 511851 1554346 1014730 458214 392948 262136 1088479 546751
21 794590 1877741 1693819 1497271 2054445 2091550 655239 458571 1015505 1027555 2077635 250877 1297885 2082786 1292796 1277678 1769332 1441720 1714107 1386359 1045566
21 1631214 1716149 1298875 1954261 2039182 261703 917033 2020127 2057375 982243 1014642 2078322 511740 2084707 505837 1538797 1506684 1441718 1834968 1322971 1026463
21 1585022 1677789 1795315 1874931 878063 1992413 1550527 2084990 917019 2030889 1014581 1554251 2084746 511861 1030068 1539018 458198 1441508 262136 1071039 695023
21 1584894 1696221 1703451 1762279 1908199 1974233 1533371 1026427 2085114 2030637 1538677 1029813 2084660 511695 1554254 1014670 458198 393192 262128 1088447 546687
21 1848254 1871605 979195 2060661 1807983 1550943 2083902 982791 2064009 1293747 1825746 1566690 780189 514989 1031628 229110 1245048 131068 1599983 1332703 855931
21 1426430 1494397 1538267 1441543 2070759 2017235 1010103 2060917 913003 1963433 2030378 1029470 2076316 1007564 1288175 1793851 719837 1703158 1589247 507888 448191
21 1846780 1310596 1908635 1893365 916589 2030681 1041337 1795919 1551055 2085326 1800375 1553719 2084406 249339 767738 490362 196566 1179618 1612669 1332989 925615
21 2044878 914781 1964691 2028899 131046 1245144 751035 1800821 505467 1554869 1038714 2086580 1839103 1295359 1813758 1535806 978903 1961961 1810191 1531087 981677
21 1929854 1949353 1012217 767671 1824589 506575 1563445 1031470 2088148 1305723 1829786 1566690 1892863 974511 2015061 1212410 1970175 126972 1669607 1406367 909139
21 1584638 1827737 1899625 1958823 1777635 1843165 2030645 1533755 1026747 2085306 1538293 1029493 2084468 511439 1554126 1014606 458650 393170 262124 1088383 546559
21 1584894 1696221 1646075 1762279 1965575 1974221 1533359 1026415 2085102 2030649 1538677 1029813 2084660 511707 1554266 1014682 458198 393192 262128 1088447 546687
21 1841022 1896701 1904627 2031363 1798631 1553111 1037495 2091126 1801757 1555757 1039181 2090892 255867 1301434 769498 491242 196596 131064 1609455 1330655 797631
21 1595262 1650141 1631227 1776887 1429999 2020061 1008831 2074750 1441303 2030885 1014603 2078602 1560377 1036230 505717 1538996 458202 917224 262128 1191663 564159
21 1576958 1864633 257657 1961607 1259495 744407 1809845 1896827 1974003 486719 1551197 1034093 2089458 1562270 1030830 2063564 458364 393076 1834890 1366507 832987
21 2080894 1432505 1011433 1276151 1816939 653919 1768509 1539854 2080402 916902 2030532 1587198 1110010 729084 1545967 2054003 975807 1959389 1820551 503669 450011
21 1844990 1858365 1696251 1896023 486255 1536919 1027485 2078053 1038582 1539131 2079433 1038170 2084770 1296125 1293118 1801676 196596 393200 1712123 1351119 849583
21 1841022 1887453 1920491 946679 2011883 1782749 1299647 1828990 1015341 2080049 1563463 2090886 518009 1039288 507342 1539794 1245156 131064 1638175 1321919 888567
21 1592830 1619581 1688571 671719 1957031 448223 1500975 1006397 2058957 1028590 1505403 2061721 1027770 2072394 1543669 1537654 2030484 393192 1310704 1129375 912727
21 1458062 970581 1642459 1913829 1821926 2093272 907070 1277245 884431 1949007 1301463 1828759 1566697 2087849 1031666 2063986 1638396 1375411 717675 387966 245437
21 1827962 259057 1843192 2043317 1406191 898399 1955383 1538846 1030830 2087366 1898621 2029452 323574 253371 1294035 753507 1762299 1698699 1581052 1544045 1003229
21 1914354 1693301 1497722 2026388 2060463 483031 1548071 1011513 2076361 773614 654307 456684 1567863 2088345 769726 1802062 1636339 1375228 1194493 1173403 1028447
21 1871350 1700077 1503595 2060902 1032065 1855439 2085935 655155 458421 1015224 1022961 2074545 255966 1301406 1291246 1277399 1769178 1441628 1707901 1380091 1042543
21 1845242 912045 1310594 860147 1974249 912091 2028857 748351 1799389 502975 1553245 1036990 2084188 1296359 1817062 1539686 196526 1179604 1613435 1333755 980309
21 794590 1681133 2041763 1431795 2021737 2091550 589723 360271 949973 765415 1815495 513017 1560025 1820646 1554936 1801850 1506990 1965876 1268157 1222519 1045566
21 2040782 1997909 1686619 376741 1825894 515992 1830039 520041 1570473 1046953 1374718 849662 1896254 1892303 2015218 1671164 1737725 1917939 163755 1309271 783703
21 1996982 1886109 1787819 2066374 327523 229205 507704 2087183 122622 1174910 652158 1569777 1043953 2088561 1687479 1933274 1769452 1915117 1751259 1569935 1043087
21 1970686 1977917 1929947 1291895 768687 1817883 1562509 1039189 2088161 519390 1567594 1042354 1696253 1695294 1949636 229368 1638396 299003 1724359 1407415 882031
21 1968638 981673 1509369 1538727 2080069 1432271 1957173 1305391 1830101 1569966 2093908 651771 913018 778138 638954 622578 1114108 1845151 1709695 458067 460797
21 1968638 1968125 981675 899767 1949003 776911 1826099 518959 1567955 1045678 2093906 1176061 1699452 1433500 1294308 98300 1114104 1853415 1714079 1447551 1015123
21 929718 1449465 1041137 1178994 1926383 1812703 2085054 925559 1506955 1047941 1407899 1292203 1560522 1691453 1947484 1801068 1638012 826343 677847 516853 130426
21 1854958 1699965 1503419 1012023 2077230 2085919 1703811 1507141 1015497 2080208 2083809 2090945 254974 252894 245231 1277686 720762 393148 1707965 1380219 823031
21 1841086 1962105 1970169 1798519 1553007 1037407 2091070 2031365 1801869 1555861 1039269 2090948 255931 1301466 769514 491250 196474 131068 1609463 1330671 797663
21 511294 1430445 1756115 505651 765773 1408395 1769108 1866598 1518271 1815006 1046649 1992181 1959658 2039800 1875175 743007 440123 634717 1146283 1244884 818150
21 929646 1449461 1506835 1041377 1178854 1926619 1812923 2085242 990955 1047821 1407799 1292119 1560470 1691261 1947324 1800924 1638392 826319 677807 517097 130294
21 969182 1006261 1211115 1490277 1034179 1392526 1763229 1665911 1944825 1799414 2077560 1438127 1568302 1171436 1817303 2063705 1900466 841311 761147 509907 131052
21 944862 964437 1232747 1527717 900035 1301964 1767607 2062457 1941054 912671 1569582 1688573 2074098 1038035 1289965 1671030 1900472 1340655 735131 375763 253420
21 943070 1034489 1456057 1366455 1268399 1547422 1044227 1568831 1900109 1801557 2079588 1693562 1175484 2086853 1686491 1932778 1769202 861943 697839 520003 131004
21 990454 1537369 757745 1373170 1750383 2013853 1693087 1956461 1828446 2091436 784727 1046181 1371387 1498938 1425354 1605628 937927 864055 1276587 233461 324602
21 815006 1936869 128475 718549 489293 2071490 2077758 1637167 1407671 1997241 1042527 2082723 1303548 251869 245661 1801454 1506678 1965688 1773427 1478379 1022946
21 1011950 1448925 1387995 1265367 1544014 1046401 1570847 1605423 1883830 1760698 1698748 1112030 2026467 1957349 1818345 2064240 975997 905851 766327 522145 65502
21 977146 1008589 1513402 1080247 1359277 1236637 1044227 1568831 1916510 1793390 2071412 1636217 1175484 1956315 1817323 2063601 2029510 902887 763351 520003 131004
21 980030 1997253 95739 636661 382829 255901 1908638 1781614 1527542 2067960 127997 2094018 1961055 1825967 1555767 2063929 1114108 1895331 1760083 1489611 1047490
21 957566 1025465 1204209 1025011 1633519 1373535 1899069 1797918 1537710 2062796 1300919 1824469 1560421 1950714 1163252 1932411 2031498 860047 766827 502491 131060
21 1693158 2070433 387577 1501940 1010540 2083871 1605533 1359695 868055 1981914 1823715 517116 1828803 515036 1817725 1539247 982327 1965626 240574 1267571 710379
21 1515132 1634812 1996459 898743 1948491 775887 1825587 1042222 2091730 1510909 522925 1570641 1633407 1891742 1752550 622074 430073 1396709 1257373 1110526 949079
21 2032894 2014549 908635 1957541 781671 1830553 521623 1570409 1047126 2095528 1112319 1636158 1372110 1236978 114684 1081342 934909 1909747 1774543 1510207 966315
21 985598 1014441 1542137 1489591 2014541 1432271 1957173 1305391 1830101 1569966 2093908 1634811 1896058 1761178 1687522 1081340 935911 862111 726655 490835 65532
