20 532478 681977 899321 703319 324527 882071 773775 380535 947771 445915 1002467 1021645 1026365 1036606 501746 490204 982244 917322 262068 212335
20 45054 209917 56827 341751 416623 519199 548767 636751 711383 995803 911597 976245 1000414 1019563 1023348 1011109 980650 916274 785976 524224
20 796670 969965 686523 441015 998189 911455 911267 194383 751317 505305 1037251 1044542 257948 121853 769510 491242 982896 909214 757371 478583
20 561150 734589 652235 956663 962347 990427 252335 907885 257623 912789 1010483 444409 1040622 1038102 507844 424925 948198 392570 786104 341695
20 532478 550909 637307 748759 775951 834503 355759 945771 382583 972211 480219 1028333 1019701 1034478 501722 1014580 458076 917144 262112 178879
20 532478 550909 637307 744663 780047 834503 351663 941675 386679 976307 478171 1021165 1026285 1037110 501722 1014580 458076 917144 262112 178879
20 561150 734589 652235 989431 957675 995099 252319 907869 257639 912805 977715 444409 1040606 1038118 507844 425941 947182 392570 786104 341695
20 568318 601597 579323 663479 784463 813007 915511 438063 994987 972205 1004462 504283 1035868 510451 1029748 490197 982354 393112 262112 87935
20 561150 603645 586619 663479 781391 816079 912439 991019 439983 973229 502235 1033945 1008558 513398 1030772 487253 982226 393112 262112 88831
20 580862 990429 882027 356023 962219 850717 777607 257627 1046116 522680 778719 512763 1035111 1034172 114669 688113 425934 901074 736062 439671
20 86014 431101 32251 110327 161647 310175 739231 887663 938743 1016315 784477 914605 978230 1039420 998741 999082 978633 915282 785314 524224
20 30718 146429 56827 223991 364399 521247 626591 686927 827095 993755 913781 1016798 976295 1005227 1029293 1006964 978552 916138 786224 524224
20 561150 687677 818779 759527 911719 764827 906653 1021801 1042673 441519 449231 452407 1009358 1006390 998742 462841 979448 393130 262100 94719
20 552702 609789 693243 686775 638287 967631 902583 478063 1021174 981165 915795 489115 1027868 1039897 470763 997236 458194 392108 262112 46975
20 563198 732093 650859 962199 956907 252759 908597 964379 1005811 259247 914125 1007998 509937 1035918 507748 423677 950118 392122 785880 339423
20 593918 570365 711867 976487 991111 255695 911147 244535 899795 468475 1002109 1037717 1042838 513002 1031276 948718 425969 392892 786264 318815
20 548350 619901 637563 770999 671631 902095 916519 970553 480955 1026492 948691 964309 486743 1023574 497131 1010412 455534 393112 262112 44799
20 790526 794493 800699 909559 746223 500959 1034427 1040509 982535 752919 506663 1038147 1044230 251836 768984 490984 196344 131056 564719 285663
20 844286 374493 359275 908679 964323 949077 226231 767323 776429 490614 1030810 1038124 724990 509687 1026925 1011099 196558 655344 585279 449977
20 799742 904413 480635 1025383 1006247 734173 128431 653939 456301 981425 522574 1046162 225269 761833 499670 1011658 720126 917308 708383 502459
20 804862 841981 891707 1002839 126319 652951 454043 980579 503389 1029541 746489 520542 1043110 253936 736507 474102 720700 917448 695247 480943
20 799742 867577 970553 480631 1025359 1006223 390555 916067 456285 981413 260446 784038 225259 761811 499692 1011668 720122 655164 574463 502455
20 540414 597885 583419 645495 682927 347103 890287 976501 1038458 486583 1028807 488251 1027403 974485 502716 1013196 450410 917392 262112 177631
20 30718 146429 56827 339703 248687 521247 626591 802639 711383 993755 913645 1016798 976295 1005227 1029429 1006964 978552 916274 786088 524224
20 867706 646989 974730 1010967 487145 1029841 130739 458356 1046543 253174 844543 480223 1018855 1033721 241630 751590 719739 916412 671165 505135
20 532478 552445 727931 648119 785423 902095 925607 845675 477935 1020397 981203 488791 1027669 1039514 503226 1013432 457532 393044 262112 46847
20 532478 601597 695163 713655 785423 844751 860071 878443 436975 971245 1013971 505175 1035861 511418 1029816 490300 982226 392988 262112 87807
20 539646 597501 552699 771511 784911 837583 802727 478575 1021163 981109 1032686 488151 1026899 1038933 503484 1013560 458138 393112 262112 46975
20 790526 800509 909787 916999 975335 925651 746423 501111 1034485 752747 506539 1038121 1044010 251614 768860 490908 196556 131056 564671 285567
20 532478 597501 616187 699255 785423 844751 339887 874343 957163 975341 489687 505179 1035667 511612 1029812 1014584 457942 917272 262112 185279
20 564222 597501 667387 648119 785423 813007 925607 371567 905963 975341 1013878 505047 1035603 511676 1029944 490393 458138 917076 262112 153471
20 532478 552445 653435 770999 737039 902095 851111 968555 478907 1021369 932819 488791 1027669 1039446 502254 1012460 457532 393112 262112 46847
20 985598 1014441 493561 441015 965965 383695 908597 256815 781525 521390 1045332 586235 847482 712602 638946 32764 935911 862111 726655 490835
20 921598 964413 948475 884055 245103 769687 515485 1039973 519771 1043875 889851 746493 910590 777022 1031116 489458 589816 322551 710607 360111
