22 3949566 4021701 433659 2535157 1488749 965533 3393439 2870127 1823479 3924473 3668062 3142830 2092342 4185656 3882947 475132 3866562 131068 3718207 3505059 2979667 1928907
22 3963966 3790677 1496923 3599269 1005415 3107737 2070422 4172648 2344702 2345470 2093399 4190889 2092119 4185257 2342719 3375054 2818034 393212 1719549 3489011 2931919 1698731
22 3301086 3424117 1558139 3917493 2971439 4040478 1571207 3930441 3012850 4115519 4141631 4125635 3108307 4169186 1022941 2059244 980476 1965773 786294 2621368 2273007 1589179
22 3436382 3743669 2481611 3602885 1797859 3913426 2614845 1825086 3996815 4144243 3007351 2053023 4164526 4114297 1027549 3110380 974582 1964792 2359117 1310642 2767803 1357679
22 3313598 3880869 833499 2939861 1895885 3407427 917052 4132639 4124831 2596079 1551095 3655417 3138414 2086262 4176248 425853 4095714 3276707 655324 3502558 2846131 1792939
22 2375550 3460957 3646323 3694515 1747887 3879837 2620551 1834104 4040255 4086079 3013067 980699 3108585 1023477 4169418 2059734 4126180 1964788 2359111 1310648 2868158 1398639
22 3293086 3854229 831467 1914853 3406499 916188 3013932 1989439 4086991 2073791 4170575 2552311 3631609 2596477 4168178 3108470 4126328 3276691 655340 1427438 2840475 1310035
22 3438454 3751385 2606073 1821942 2481455 3595805 1795983 3910478 3011287 4125157 2062459 4175034 3993395 4136899 1021821 3103676 978398 1961708 2359093 1310666 2768619 1358775
22 3809182 1765049 2964457 1293207 3399051 3010246 4060964 3107135 4157661 2014319 4119155 2594495 3641181 2081774 4171250 1539706 2554364 1179547 2752484 3434471 718683 876021
22 3710206 3794285 3350331 2957143 4071309 1309383 916139 2030193 4154910 489980 4172063 505597 2607869 2084834 4174818 4160739 2555758 3538868 2883544 3466715 2811319 2086175
22 3247870 3839917 2962395 1922519 4024781 3866179 884285 3641119 4190366 2604263 1563371 3663601 1042286 3136372 2080120 3375011 327645 3997602 753628 3567998 2805179 1747895
22 3770302 3948005 769435 2875029 1830669 3504067 4094882 3117935 2073335 4178425 3536959 4125790 2616558 1564022 3653240 753565 456637 916444 3375074 3312607 2912115 1859307
22 3204094 3875833 3988601 3763607 953839 3053271 2005815 2615099 1567451 3666403 3143868 2094428 4189796 3399563 3522445 425973 4095882 901106 778228 3611774 2718543 1668783
22 3153918 3696573 3789291 1912183 4075115 3101791 4167741 3407623 1441423 3603859 490427 1554393 2609125 2084762 3127206 4160452 982508 3014384 786296 3661950 2665439 1757943
22 3743694 3793877 917379 3547121 3597290 4127832 3878331 2582367 1551071 3658143 3111149 2078061 4181549 1035766 3126966 2063158 3735495 3473400 196540 3275879 2857851 1791739
22 4073278 3995989 2849115 1801893 2603367 1556121 3135894 2088552 3140183 2092457 4190889 1176574 3271934 3268415 3784654 3506162 2293756 2951165 3835891 3557327 851627 1045847
22 3284926 3827629 2937819 1922519 4037069 3407427 917052 4075295 4182175 2555111 1538795 3651313 511869 4181730 1029998 3111796 2030968 3276707 655324 3531230 2829755 1747895
22 3720190 3497421 4029315 957939 3059433 2013017 3393467 2870111 1823471 3924469 3668090 3142814 2092334 4185652 3260359 688121 3571654 901112 3882046 441277 2455399 1404631
22 3674110 3945437 3598523 3107127 2075183 4181021 3800963 3342151 2850507 1818067 3922913 255997 4188098 515038 2604524 1539828 982904 393148 3928126 3479419 2922231 1857007
22 1842942 1992381 2085107 3026803 2806639 2577759 3119421 1965575 2358904 3734939 3505067 4044745 3264501 4181898 3389366 3898324 3603940 3006846 1780975 1485535 917127 262008
22 1871614 2027769 3084153 2045591 2275183 2808663 2551095 1965579 2358900 3775933 3517405 4048869 3924922 3659226 4176354 3178483 4095884 2978174 1797327 1530543 917131 262004
22 2000830 4078533 244667 1301941 781997 522013 4030338 3772255 3512047 2991607 4047865 3928286 3664238 3136118 4177016 229309 2162684 1898559 3831651 3567315 3038667 1933250
22 3973062 2031489 2301945 3368948 2849260 2588252 4041405 1813343 3921055 1551599 3658543 1028855 3132727 2083578 4175162 3964867 2260988 98238 3735139 3471827 2942923 1955197
