0 20545
0 74241
0 135298
0 262468
0 33304
0 66088
0 98563
0 4125
0 4149
0 2197
0 32917
0 2245
0 4377
0 33305
0 528649
0 6665
0 4401
0 20561
0 33425
0 7185
0 53313
0 5889
0 102657
0 397569
0 7681
0 33306
0 40986
0 172042
0 57362
0 155714
0 168066
0 155906
0 188418
0 32860
0 32924
0 33308
0 34892
0 41036
0 532556
0 49228
0 540748
0 265228
0 271372
0 279564
0 38924
0 536588
0 548876
0 262324
0 32980
0 295060
0 262980
0 278852
0 9796
0 106564
0 271876
0 33368
0 33432
0 33560
0 12568
0 35352
0 37400
0 41496
0 49688
0 164376
0 57368
0 70184
0 172104
0 82312
0 271496
0 135944
0 172552
0 169992
0 661512
0 176136
0 188424
0 133232
0 278704
0 57424
0 264976
0 267024
0 279312
0 268560
0 299536
0 269328
0 319504
0 49856
0 114880
0 231488
0 245824
0 265856
0 280192
0 297600
0 376960
0 398080
0 399616
0 405760
0 418048
0 396800
0 428544
0 442880
0 33307
0 532747
0 33427
0 4157
0 2141
0 32861
0 2205
0 32925
0 2589
0 4637
0 33309
0 6173
0 12317
0 36893
0 528413
0 2253
0 2637
0 34893
0 526413
0 6669
0 38925
0 530445
0 536589
0 12341
0 2261
0 32981
0 2709
0 33429
0 34965
0 2757
0 35013
0 4409
0 33369
0 33433
0 4889
0 33561
0 6425
0 12569
0 37145
0 528665
0 6681
0 35353
0 37401
0 6921
0 39177
0 530697
0 536841
0 39433
0 4913
0 12593
0 33489
0 35473
0 5905
0 7441
0 7697
0 7937
0 395009
0 398081
0 33370
0 41050
0 139354
0 33434
0 41114
0 33562
0 41242
0 139546
0 532762
0 41498
0 49690
0 164378
0 57370
0 172058
0 41162
0 139850
0 155722
0 172106
0 663626
0 229450
0 82314
0 140042
0 155914
0 172298
0 663818
0 172554
0 188426
0 221194
0 237578
0 696330
0 49330
0 57394
0 82130
0 57426
0 90194
0 155730
0 49810
0 57490
0 114834
0 49938
0 57618
0 155922
0 57874
0 180754
0 122898
0 188434
0 49858
0 57538
0 114882
0 156226
0 188482
0 245826
0 123010
0 156418
0 188674
0 188930
0 253954
0 12348
0 32988
0 33372
0 34908
0 41052
0 49244
0 33436
0 34972
0 41116
0 49308
0 35356
0 37404
0 41500
0 38940
0 45084
0 536604
0 57372
0 35020
0 41164
0 49356
0 35404
0 41548
0 100428
0 559180
0 57420
0 548940
0 106572
0 565324
0 114764
0 573516
0 271500
0 39436
0 104460
0 563212
0 110604
0 569356
0 122892
0 581644
0 270516
0 278708
0 295092
0 274484
0 286772
0 33492
0 35028
0 41172
0 49364
0 98516
0 57428
0 106580
0 295572
0 297108
0 303252
0 311444
0 360596
0 299540
0 303636
0 301076
0 307220
0 319508
0 35524
0 100548
0 106692
0 114884
0 122948
0 297604
0 362628
0 368772
0 376964
0 275972
0 301572
0 366596
0 372740
0 385028
0 12600
0 33496
0 35416
0 41560
0 49752
0 164440
0 57432
0 172120
0 35480
0 49816
0 57496
0 35608
0 13080
0 37656
0 135960
0 41752
0 49944
0 39192
0 137496
0 45336
0 143640
0 536856
0 57624
0 39448
0 166424
0 45592
0 168472
0 57880
0 180760
0 170008
0 176152
0 188440
0 49864
0 57544
0 172616
0 231496
0 188488
0 237640
0 696392
0 245832
0 395016
0 137992
0 144136
0 168712
0 172808
0 398600
0 402696
0 170248
0 661768
0 176392
0 667912
0 188680
0 396808
0 170504
0 176648
0 188936
0 400392
0 235528
0 694280
0 241672
0 700424
0 253960
0 712712
0 278960
0 279216
0 286896
0 311472
0 267056
0 279344
0 274736
0 287024
0 319536
0 35536
0 49872
0 57552
0 114896
0 57936
0 180816
0 122960
0 188496
0 265104
0 279440
0 265872
0 280208
0 297616
0 311952
0 319632
0 376976
0 266000
0 268048
0 280336
0 269072
0 297744
0 396048
0 275216
0 299792
0 398096
0 287504
0 312080
0 410384
0 269584
0 301328
0 399632
0 307472
0 405776
0 319760
0 418064
0 269840
0 301584
0 428560
0 307728
0 430608
0 320016
0 442896
0 432144
0 438288
0 385040
0 450576
0 50880
0 51904
0 101056
0 115392
0 116928
0 232000
0 188992
0 246336
0 247872
0 254016
0 280448
0 282240
0 298624
0 312960
0 313984
0 363136
0 377472
0 379008
0 385152
0 397056
0 399104
0 411392
0 400128
0 406272
0 430848
0 463616
0 418560
0 443136
0 432384
0 438528
0 450816
0 400896
0 413184
0 429568
0 443904
0 432640
0 444928
0 494080
0 438784
0 451072
0 508416
0 497664
0 509952
0 503808
0 516096
0 524603
0 33371
0 532763
0 33491
0 12349
0 528445
0 2269
0 32989
0 33373
0 34909
0 2717
0 34973
0 35357
0 38941
0 536605
0 2765
0 35021
0 35405
0 33493
0 35029
0 35477
0 35525
0 12601
0 528697
0 33497
0 35417
0 35481
0 6937
0 37657
0 536857
0 39449
0 35537
0 399105
0 532794
0 33498
0 49754
0 155930
0 172618
0 680010
0 237642
0 696394
0 156426
0 680202
0 49874
0 188994
0 254018
0 536636
0 33500
0 35036
0 41180
0 41564
0 57436
0 35484
0 35532
0 303284
0 311476
0 307252
0 319540
0 297620
0 368788
0 376980
0 372756
0 385044
0 536888
0 35544
0 45848
0 170520
0 254024
0 712776
0 397064
0 170760
0 176904
0 279472
0 319664
0 280464
0 385168
0 307984
0 320272
0 432656
0 282496
0 401152
0 413440
0 429824
0 431872
0 444160
0 445184
0 439040
0 451328
0 433664
0 498176
1 294978
1 164098
1 32807
1 40995
1 139299
1 164099
1 33157
1 33925
1 35077
1 527425
1 164225
1 557441
1 98342
1 163878
1 196646
1 164102
1 262202
1 196658
1 164130
1 196898
1 32935
1 33063
1 163879
1 33159
1 164103
1 139307
1 139315
1 41123
1 139427
1 41251
1 139555
1 164131
1 139811
1 164227
1 172291
1 3117
1 657421
1 3125
1 133173
1 33189
1 33957
1 164005
1 35109
1 33221
1 33989
1 35141
1 35909
1 527429
1 34181
1 35205
1 164229
1 557445
1 35973
1 558213
1 36101
1 166149
1 559365
1 9273
1 10297
1 133177
1 533529
1 534553
1 9385
1 10793
1 82473
1 527433
1 11785
1 83465
1 141833
1 535049
1 10545
1 133425
1 10801
1 133681
1 527441
1 141585
1 534801
1 657681
1 83473
1 141841
1 535057
1 164257
1 3873
1 11041
1 557505
1 527553
1 558273
1 527681
1 559425
1 527937
1 560193
1 558465
1 166273
1 559489
1 688513
1 142081
1 658177
1 196654
1 196662
1 98470
1 164006
1 196774
1 98598
1 164134
1 164230
1 229638
1 262714
1 196666
1 327738
1 197170
1 164258
1 197410
1 66620
1 133180
1 66732
1 657548
1 33191
1 164007
1 164135
1 164231
1 139323
1 139819
1 139571
1 139827
1 41379
1 164259
1 172323
1 3133
1 133429
1 166181
1 35269
1 557509
1 36037
1 558277
1 527685
1 559429
1 560197
1 36229
1 558469
1 166277
1 560389
1 10809
1 11321
1 141369
1 141849
1 133937
1 141617
1 141873
1 142097
1 535313
1 658193
1 528065
1 528193
1 98726
1 197178
1 328250
2 5153
2 11265
2 1159
2 525319
2 1219
2 5157
2 1413
2 15361
2 131214
2 133134
2 147590
2 541762
2 133890
2 672770
2 918530
2 182274
2 919554
2 12428
2 135308
2 21540
2 30724
2 153604
2 17856
2 25024
2 57536
2 115776
2 13184
2 61568
2 1415
2 525447
2 1475
2 263363
2 787523
2 12317
2 12429
2 9093
2 5509
2 12677
2 1985
2 9153
2 6017
2 13185
2 133150
2 133262
2 135310
2 147598
2 137230
2 149518
2 395278
2 147846
2 148614
2 149638
2 151686
2 180358
2 671878
2 672774
2 153606
2 182278
2 673798
2 919558
2 17858
2 50370
2 541890
2 51394
2 148866
2 181378
2 672898
2 182402
2 676866
2 186370
2 12444
2 135324
2 14364
2 137244
2 12684
2 135564
2 14476
2 137356
2 28812
2 151692
2 30732
2 153612
2 13188
2 136068
2 29060
2 151940
2 30852
2 153732
2 61572
2 184452
2 63492
2 186372
2 122976
2 119840
2 124960
2 6080
2 13248
2 21952
2 29120
2 54464
2 61632
2 119872
2 127040
2 137088
2 152960
2 63616
2 186496
2 250880
2 129024
2 251904
2 148870
2 152710
2 672902
2 673926
2 676870
2 677894
2 185474
2 152964
2 119904
2 125024
2 129088
3 37889
3 10370
3 16436
3 775
3 8455
3 532487
3 1299
3 1123
3 1347
3 17421
3 40973
3 33541
3 34841
3 40985
3 3121
3 3169
3 19489
3 3393
3 46081
3 54273
3 17422
3 8470
3 532502
3 65862
3 69702
3 73990
3 139290
3 532506
3 10378
3 143370
3 132146
3 533522
3 143378
3 536594
3 197666
3 590882
3 593954
3 133442
3 196930
3 295490
3 72194
3 543746
3 599042
3 208898
3 40988
3 19468
3 25612
3 45068
3 20532
3 45076
3 49476
3 82244
3 61444
3 94212
3 397352
3 430088
3 4912
3 10000
3 41744
3 134416
3 166160
3 172304
3 402448
3 434192
3 66016
3 66784
3 18656
3 67808
3 69856
3 133472
3 67168
3 134240
3 149600
3 198752
3 70432
3 459808
3 462880
3 19648
3 83136
3 51392
3 84160
3 213312
3 184384
3 217152
3 20224
3 51968
3 150784
3 188672
3 412672
3 444416
3 532495
3 791
3 8471
3 532503
3 8967
3 532743
3 532507
3 1331
3 3123
3 525363
3 1811
3 3347
3 9491
3 525587
3 533523
3 1379
3 3171
3 3395
3 40989
3 33557
3 49349
3 33605
3 49477
3 35589
3 41733
3 49925
3 3377
3 3857
3 10001
3 35601
3 41745
3 3297
3 18657
3 3425
3 18785
3 3681
3 19553
3 19745
3 3521
3 19649
3 51393
3 3905
3 35649
3 19777
3 51521
3 20225
3 51969
3 139294
3 532510
3 12366
3 143374
3 8982
3 12566
3 139542
3 532758
3 143382
3 536598
3 69734
3 593958
3 69830
3 69958
3 74054
3 82246
3 196934
3 77894
3 86086
3 200774
3 593990
3 74502
3 78086
3 90374
3 205062
3 598278
3 94214
3 208902
3 602118
3 143386
3 536602
3 426010
3 143434
3 430090
3 132402
3 135474
3 134194
3 10002
3 134418
3 140562
3 533778
3 143634
3 434194
3 69858
3 133474
3 196962
3 134242
3 149602
3 198754
3 594018
3 197922
3 150562
3 199714
3 214050
3 134466
3 197954
3 149826
3 198978
3 201026
3 205122
3 213314
3 208962
3 217154
3 75522
3 150786
3 199938
3 206082
3 599298
3 209154
3 225282
3 438274
3 45084
3 172060
3 45132
3 176140
3 41748
3 45332
3 172308
3 176148
3 69860
3 49604
3 82372
3 51396
3 84164
3 53444
3 86212
3 49988
3 82756
3 51524
3 84292
3 53572
3 86340
3 57668
3 90436
3 180548
3 213316
3 61508
3 94276
3 184388
3 217156
3 51972
3 84740
3 58116
3 90884
3 61700
3 94468
3 188676
3 221444
3 192516
3 225284
3 395320
3 397368
3 428056
3 395368
3 397416
3 399400
3 428104
3 176200
3 430152
3 432136
3 134448
3 396336
3 12048
3 20240
3 26384
3 43792
3 51984
3 58128
3 142608
3 150800
3 156944
3 174352
3 182544
3 188688
3 404496
3 412688
3 418832
3 436240
3 444432
3 438288
3 450576
3 67040
3 18912
3 68064
3 82400
3 68832
3 134368
3 197856
3 22752
3 71904
3 84192
3 149728
3 198880
3 86240
3 200928
3 134496
3 149856
3 199008
3 213344
3 20064
3 83552
3 199776
3 396384
3 459872
3 153696
3 202848
3 215136
3 411744
3 460896
3 217184
3 462944
3 86816
3 150816
3 199968
3 214304
3 412704
3 461856
3 476192
3 415776
3 464928
3 479264
3 19904
3 83392
3 51648
3 84416
3 85184
3 150720
3 214208
3 55488
3 88256
3 182464
3 215232
3 184512
3 217280
3 20288
3 83776
3 52032
3 84800
3 214336
3 182592
3 215360
3 184640
3 217408
3 188736
3 221504
3 412736
3 476224
3 186432
3 219200
3 444480
3 477248
3 192576
3 225344
3 446528
3 479296
3 28416
3 91904
3 60160
3 158976
3 216320
3 190720
3 192768
3 225536
3 420864
3 484352
3 448512
3 481280
3 452608
3 454656
3 487424
3 532511
3 3379
3 10003
3 533779
3 41749
3 49605
3 51397
3 35653
3 49989
3 51525
3 51973
3 3553
3 19681
3 51649
3 52033
3 536606
3 69862
3 594022
3 434202
3 438282
3 134450
3 197986
3 201058
3 150626
3 199778
3 214114
3 217186
3 150850
3 200002
3 206146
3 214338
3 222466
3 51652
3 52036
3 399416
3 436248
3 399464
3 432200
3 440328
3 440336
3 448528
3 454672
3 217312
3 217440
3 479328
3 478240
3 186560
3 216384
3 222528
3 448576
3 456704
4 270353
4 264210
4 35842
4 65564
4 262668
4 66180
4 79
4 279
4 524327
4 393223
4 1051
4 65565
4 2125
4 262669
4 526349
4 4373
4 7173
4 3097
4 66585
4 2249
4 5193
4 2825
4 267273
4 51209
4 198665
4 65566
4 33046
4 65814
4 132134
4 65628
4 95
4 287
4 1055
4 65567
4 524319
4 524335
4 207
4 1103
4 2127
4 8271
4 65615
4 526351
4 532495
4 311
4 524343
4 791
4 1303
4 65815
4 526375
4 532519
4 394247
4 1115
4 1307
4 66587
4 1227
4 2251
4 8395
4 66635
4 1811
4 66835
4 2141
4 4189
4 65629
4 4381
4 65821
4 3101
4 5149
4 66589
4 132125
4 67613
4 526365
4 69661
4 196637
4 589853
4 2157
4 526381
4 2253
4 3149
4 5197
4 66637
4 6221
4 67661
4 6413
4 266765
4 7181
4 134157
4 530445
4 198669
4 591885
4 4405
4 528437
4 7189
4 71717
4 530469
4 72709
4 138245
4 202757
4 3161
4 66649
4 66841
4 68633
4 198681
4 3273
4 66761
4 6345
4 67785
4 70729
4 136265
4 197705
4 137289
4 198729
4 3849
4 269321
4 459785
4 460809
4 65630
4 33054
4 65822
4 66590
4 132126
4 98334
4 589854
4 66638
4 33078
4 557110
4 197670
4 1119
4 65631
4 1311
4 65823
4 823
4 524599
4 66651
4 66843
4 67677
4 69917
4 70685
4 530461
4 7245
4 68685
4 71757
4 595981
4 4917
4 68697
4 199705
4 68809
4 199753
4 66654
5 8270
5 532502
5 532518
5 77830
5 274442
5 557084
5 77836
5 536588
5 559124
5 104452
5 37448
5 791
5 1303
5 8471
5 532503
5 532519
5 1307
5 1811
5 8979
5 2837
5 3349
5 3605
5 536597
5 3353
5 8286
5 8478
5 65822
5 66590
5 132126
5 73758
5 532510
5 73806
5 77838
5 8502
5 532534
5 598038
5 197670
5 77862
5 536614
5 405510
5 143434
5 73820
5 100380
5 559132
5 198684
5 536604
5 102428
5 561180
5 200732
5 565276
5 77900
5 100620
5 102668
5 104460
5 563212
5 110604
5 569356
5 208908
5 602124
5 35124
5 559156
5 565300
5 35604
5 563220
5 569364
5 104484
5 563236
5 110628
5 569380
5 37464
5 1311
5 823
5 1815
5 536615
5 3861
5 66654
5 598046
5 77902
5 602126
5 9014
5 532790
5 77916
5 202780
5 233500
5 235532
5 628748
5 241676
5 634892
5 565556
6 40981
6 32965
6 33093
6 33541
6 45061
6 3121
6 35857
6 37905
6 45073
6 46081
6 136210
6 529426
6 533538
6 133442
6 295490
6 543746
6 144386
6 537602
6 49476
6 82244
6 61444
6 94212
6 37072
6 168016
6 430096
6 66400
6 68384
6 74528
6 198944
6 466976
6 51392
6 84160
6 213312
6 184384
6 217152
6 84736
6 221440
6 477184
6 8967
6 3123
6 525363
6 529427
6 525603
6 533539
6 537603
6 32981
6 33221
6 35013
6 37061
6 49349
6 33605
6 35141
6 49477
6 35589
6 41733
6 49925
6 35025
6 37073
6 35265
6 51393
6 82246
6 86086
6 74502
6 90374
6 205062
6 94214
6 198698
6 139378
6 533554
6 149586
6 151634
6 543762
6 144402
6 537618
6 152594
6 430098
6 133474
6 196962
6 74530
6 533794
6 198946
6 205090
6 598306
6 149826
6 198978
6 205122
6 213314
6 217154
6 209154
6 221442
6 160770
6 225282
6 438274
6 37076
6 45140
6 49604
6 82372
6 51396
6 84164
6 53444
6 86212
6 49988
6 82756
6 51524
6 84292
6 53572
6 86340
6 57668
6 90436
6 180548
6 213316
6 61508
6 94276
6 184388
6 217156
6 51972
6 84740
6 58116
6 90884
6 61700
6 94468
6 188676
6 221444
6 192516
6 225284
6 395320
6 395352
6 399384
6 458856
6 460872
6 464904
6 39120
6 51408
6 166096
6 53456
6 168144
6 170064
6 184400
6 430160
6 431120
6 432144
6 90336
6 68448
6 82784
6 213344
6 475232
6 84768
6 90912
6 215328
6 221472
6 477216
6 483360
6 51648
6 84416
6 55488
6 88256
6 182464
6 215232
6 184512
6 217280
6 84800
6 184640
6 217408
6 221504
6 186432
6 219200
6 477248
6 192576
6 225344
6 446528
6 479296
6 192768
6 225536
6 448512
6 481280
6 487424
6 533555
6 533795
6 35269
6 49605
6 51397
6 35653
6 49989
6 51525
6 51973
6 51649
6 205154
6 215362
6 51652
6 52036
6 395384
6 399448
6 460904
6 170192
6 432208
6 433168
6 215392
6 221536
6 186560
6 448576
6 449536
6 455680
7 147479
7 163989
7 164377
7 25361
7 140049
7 163997
7 57493
8 32797
8 33045
8 33541
8 34053
8 3097
8 34057
8 270433
8 34561
8 164609
8 295681
8 66586
8 132122
8 589850
8 134168
8 1111
8 147479
8 3099
8 1235
8 1363
8 525395
8 9363
8 9491
8 270435
8 3267
8 9411
8 263363
8 9539
8 263491
8 787523
8 265347
8 155779
8 409731
8 271619
8 33053
8 33821
8 132125
8 163869
8 34061
8 33109
8 33557
8 34069
8 35093
8 41237
8 49429
8 164117
8 34565
8 164613
8 42245
8 165125
8 296197
8 3225
8 3353
8 34073
8 132377
8 35865
8 134169
8 34569
8 164617
8 36105
8 165129
8 34577
8 164625
8 24801
8 270561
8 270689
8 278881
8 295265
8 303201
8 303393
8 34625
8 295745
8 36609
8 165633
8 296705
8 172801
8 303873
8 426753
8 132378
8 68634
8 134170
8 590874
8 656410
8 720922
8 1367
8 9303
8 9495
8 3227
8 527387
8 3283
8 525523
8 9555
8 527443
8 270691
8 263619
8 265411
8 527555
8 271683
8 33565
8 34077
8 34573
8 164621
8 33621
8 34133
8 41749
8 164629
8 42261
8 172309
8 296709
8 426757
8 134297
8 132889
8 36121
8 134425
8 165145
8 166937
8 36617
8 165649
8 286945
8 295777
8 303905
8 296769
8 298753
8 427777
8 199706
8 592922
9 262529
9 47
9 1039
9 6179
9 1219
9 2243
9 6211
9 4867
9 16429
9 17421
9 17477
9 20549
9 83136
9 84160
9 88128
9 63
9 1055
9 262191
9 1103
9 1167
9 525327
9 1223
9 525383
9 528455
9 1227
9 2251
9 268323
9 17485
9 17549
9 17605
9 17733
9 20805
9 51361
9 55329
9 50369
9 50497
9 53569
9 51841
9 50112
9 50624
9 83392
9 115904
9 116928
9 55872
9 88640
9 120896
9 525343
9 51425
9 55393
9 51905
9 54081
9 55873
9 116160
9 121408
10 532483
10 84001
10 540993
10 526721
10 84097
10 84101
10 73785
10 75817
10 68745
10 90161
10 84497
10 84129
10 84257
10 525249
10 526785
10 541121
10 590529
10 83137
10 591041
10 84161
10 592065
10 606401
10 541505
10 543041
10 591425
10 84353
10 543105
10 85121
10 7244
10 280652
10 35980
10 165004
10 280716
10 409740
10 21588
10 37972
10 39076
10 268452
10 280740
10 268580
10 38084
10 22724
10 39108
10 280772
10 213188
10 344260
10 22852
10 280900
10 165252
10 280964
10 100520
10 39112
10 68749
10 19653
10 83141
10 85125
10 68809
10 541633
10 590785
10 84417
10 592321
10 606657
10 606913
10 85185
10 39084
10 36044
10 268708
10 280996
10 283044
11 262194
11 12323
11 16429
11 16525
11 17477
11 81993
11 83009
11 590913
11 135206
11 262450
11 262706
11 135218
11 16431
11 16527
11 20519
11 12331
11 24619
11 24715
11 12339
11 12835
11 16557
11 17453
11 20525
11 81965
11 17485
11 81997
11 17549
11 82061
11 541709
11 606221
11 5173
11 66613
11 83013
11 590917
11 9273
11 66617
11 73785
11 536601
11 9769
11 82121
11 83017
11 541769
11 606281
11 75273
11 534025
11 598537
11 5681
11 67121
11 590929
11 75025
11 75281
11 534033
11 168465
11 591425
11 135214
11 147502
11 147598
11 135222
11 262962
11 266546
11 393522
11 135730
11 393778
11 397842
11 66620
11 196668
11 16559
11 20527
11 12459
11 24747
11 66621
11 20653
11 82989
11 17613
11 82125
11 541773
11 606285
11 5429
11 607301
11 9785
11 67129
11 74297
11 75289
11 591441
11 75537
11 394034
12 74753
12 262290
12 525571
12 33185
12 524705
12 33217
12 4993
12 270721
12 147841
12 270977
12 148609
12 13057
12 196650
12 200714
12 262802
12 99346
12 150530
12 152578
12 245762
12 204840
12 114760
12 181256
12 215048
12 208904
12 217096
12 245768
12 148640
12 214048
12 403968
12 406016
12 148491
12 149763
12 294997
12 264725
12 296981
12 272901
12 98473
12 181257
12 296017
12 297489
12 298001
12 33249
12 524769
12 9121
12 33697
12 526753
12 532897
12 98721
12 557473
12 590241
12 11041
12 5569
12 34241
12 266689
12 98753
12 295361
12 267137
12 271233
12 295809
12 527745
12 148865
12 274817
12 273153
12 297729
12 275201
12 150785
12 298241
12 183297
12 114702
12 19974
12 13830
12 22022
12 197162
12 148522
12 198698
12 200746
12 204842
12 229418
12 200778
12 229450
12 201226
12 199690
12 201738
12 181258
12 230410
12 215050
12 208906
12 217098
12 245770
12 98866
12 19730
12 52242
12 115730
12 150562
12 214050
12 148802
12 150594
12 152642
12 181314
12 214274
12 151042
12 153090
12 154626
12 158722
12 160770
12 218114
12 246786
12 427032
12 491544
12 204968
12 205352
12 181288
12 208936
12 237608
12 87112
12 115784
12 209032
12 209416
12 216072
12 218120
12 246792
12 98784
12 140192
12 164768
12 148896
12 205216
12 229792
12 205472
12 209056
12 166688
12 150816
12 238112
12 183328
12 246816
12 402304
12 410496
12 426880
12 402816
12 427392
12 491904
12 406144
12 414848
12 471168
12 479360
12 404992
12 413184
12 407040
12 408064
12 436736
12 471552
12 500224
12 297045
12 297493
12 98537
12 557289
12 622761
12 296273
12 298065
12 298257
12 98785
12 557537
12 623009
12 296385
12 298305
12 183553
12 201258
12 229930
12 208938
12 218122
12 158978
12 209448
12 238120
12 174880
12 407168
12 415360
12 471680
12 480384
13 69665
13 2075
13 3091
13 73749
13 24673
13 532577
13 295009
13 25665
13 159
13 2079
13 524319
13 175
13 524335
13 215
13 2135
13 65623
13 67607
13 67719
13 3099
13 525339
13 18459
13 532507
13 541707
13 67731
13 11283
13 268419
13 269315
13 725
13 2645
13 18017
13 525921
13 49761
13 541281
13 295521
13 25697
13 50273
13 279649
13 57441
13 303201
13 794721
13 2207
13 2263
13 67671
13 67735
13 11291
13 19483
13 527387
13 549899
13 50785
13 542305
13 287841
14 16649
14 899
14 17161
14 18697
14 4497
14 4993
14 18817
14 74246
14 197154
14 131970
14 598146
14 67330
14 71170
14 205314
14 602114
14 163892
14 49252
14 49700
14 59396
14 92164
14 395288
14 148232
14 403464
14 34928
14 165936
14 167984
14 172080
14 73952
14 53344
14 182304
14 136064
14 71296
14 75392
14 201344
14 467072
14 54784
14 87552
14 188928
14 221696
14 446464
14 450560
14 435
14 4499
14 524691
14 931
14 1923
14 4995
14 525187
14 5507
14 32885
14 34917
14 36965
14 49253
14 49701
14 50693
14 18185
14 34929
14 36977
14 4529
14 37041
14 37473
14 53345
14 5025
14 21281
14 53793
14 6017
14 22273
14 54785
14 74278
14 197158
14 75814
14 75270
14 76294
14 90630
14 205318
14 598534
14 92166
14 206854
14 600070
14 149770
14 139442
14 526738
14 143506
14 132002
14 135842
14 197282
14 197410
14 199202
14 201250
14 205346
14 213538
14 67458
14 136066
14 148354
14 197506
14 590722
14 71042
14 71298
14 75394
14 594562
14 156290
14 205442
14 598658
14 157826
14 602242
14 71426
14 79362
14 207362
14 209410
14 602626
14 221698
14 165916
14 49268
14 165940
14 180276
14 61460
14 49764
14 53348
14 50724
14 83492
14 51748
14 53796
14 86564
14 57892
14 90660
14 180772
14 213540
14 59428
14 92196
14 182308
14 54788
14 87556
14 58884
14 91652
14 59908
14 92676
14 188932
14 221700
14 190468
14 223236
14 395416
14 403480
14 403592
14 411912
14 436232
14 41200
14 53360
14 168112
14 172208
14 174128
14 182320
14 184368
14 188464
14 430224
14 446480
14 450576
14 53856
14 86624
14 136096
14 168608
14 201376
14 54816
14 87584
14 182816
14 215584
14 184864
14 217632
14 188960
14 221728
14 190496
14 22400
14 152448
14 54912
14 87680
14 202368
14 59008
14 91776
14 206464
14 184960
14 217728
14 430720
14 463488
14 189056
14 221824
14 467584
14 419968
14 438400
14 446592
14 450688
14 483456
14 87808
14 62976
14 95744
14 185856
14 218624
14 189952
14 222720
14 190976
14 223744
14 193024
14 225792
14 446976
14 479744
14 451072
14 483840
14 454656
14 4531
14 528787
14 6019
14 36981
14 51301
14 76326
14 90662
14 213542
14 92198
14 92678
14 221702
14 223238
14 205474
14 199458
14 201506
14 213794
14 207394
14 215586
14 221730
14 213890
14 209538
14 221826
14 223746
14 51316
14 53364
14 92708
14 428184
14 434328
14 411928
14 436360
14 438416
14 452624
14 454672
14 215840
14 217888
14 223776
14 217984
14 452736
15 69641
15 18565
15 26633
15 86025
15 82081
15 84097
15 84993
15 92161
15 561158
15 393746
15 86034
15 397330
15 164004
15 86084
15 150532
15 543748
15 394760
15 401928
15 410632
15 35040
15 35424
15 83040
15 51296
15 90208
15 35232
15 172192
15 51488
15 84256
15 214048
15 221216
15 35712
15 36224
15 39296
15 78208
15 166528
15 176256
15 209024
15 428544
15 467456
15 18597
15 19493
15 543749
15 67809
15 82145
15 68705
15 75873
15 82337
15 84129
15 84257
15 85025
15 92193
15 84353
15 493569
15 12438
15 164006
15 136230
15 39046
15 168070
15 561286
15 563206
15 401930
15 434186
15 12690
15 143506
15 397842
15 401938
15 398354
15 405522
15 172194
15 39298
15 144002
15 176258
15 406018
15 438274
15 394764
15 150540
15 543756
15 182284
15 575500
15 143508
15 394772
15 397844
15 83044
15 86116
15 166052
15 168100
15 172196
15 180388
15 150564
15 182308
15 184356
15 85060
15 39300
15 563332
15 176260
15 428548
15 186372
15 579588
15 192516
15 393880
15 402056
15 428168
15 434312
15 402952
15 411144
15 428552
15 418312
15 412680
15 418824
15 444424
15 450568
15 78224
15 209040
15 460304
15 463376
15 467472
15 461840
15 464912
15 471056
15 35552
15 51424
15 84192
15 90336
15 83552
15 90720
15 85088
15 91232
15 55392
15 88160
15 61536
15 94304
15 35744
15 51616
15 84384
15 90528
15 166560
15 202912
15 215200
15 176288
15 209056
15 188576
15 221344
15 214560
15 221728
15 216096
15 222240
15 219168
15 192544
15 225312
15 78720
15 55680
15 88448
15 61824
15 94592
15 209536
15 219264
15 192640
15 225408
15 468480
15 476672
15 471552
15 483840
15 478208
15 484352
15 448512
15 481280
15 454656
15 487424
15 543757
15 85089
15 84385
15 168102
15 172198
15 39302
15 563334
15 176262
15 401946
15 398866
15 176290
15 170148
15 182436
15 188580
15 186404
15 186500
15 192644
15 402968
15 468496
15 487936
16 270345
16 18445
16 36877
16 6165
16 133193
16 264289
16 5143
16 6167
16 6215
16 133149
16 135197
16 133197
16 135245
16 163917
16 71693
16 51213
16 149517
16 165901
16 167949
16 6229
16 6293
16 71701
16 133273
16 198681
16 198729
16 264369
16 329777
16 264417
16 265313
16 51297
16 4893
16 137245
16 265441
17 131457
17 132657
17 133681
17 9780
18 449
18 65551
18 451
18 4545
18 65985
18 462849
18 122881
18 319489
18 69646
18 34898
18 6418
18 253952
18 65615
18 69647
18 455
18 65863
18 467
18 41107
18 303123
18 4547
18 65987
18 106627
18 70081
18 197057
18 221249
18 253953
18 69710
18 35154
18 42130
18 107650
18 221760
18 4551
18 4563
18 42131
18 303251
18 69838
18 70222
18 221888
19 265219
19 15361
19 196652
19 49504
19 208928
19 245792
19 49600
19 114882
19 197676
19 200756
19 217108
19 201764
19 49632
19 114912
19 209952
19 50624
19 14784
19 51648
19 15936
19 24128
19 52800
19 211968
19 220160
19 248832
19 115906
19 217140
20 1793
20 22530
20 8245
20 789
20 8469
20 1797
20 8965
20 262917
20 1801
20 1809
20 28929
20 32822
20 34838
20 22538
20 32882
20 33842
20 24626
20 41010
20 81970
20 33874
20 34898
20 22546
20 230402
20 30722
20 47106
20 88066
20 66316
20 71692
20 66612
20 98356
20 67332
20 99076
20 295684
20 297220
20 104452
20 4696
20 197896
20 198920
20 215048
20 41072
20 106544
20 9552
20 25680
20 26704
20 75024
20 92176
20 222208
20 24627
20 24659
20 245763
20 797
20 1805
20 262925
20 8501
20 9269
20 1813
20 8981
20 9493
20 9989
20 263941
20 1817
20 526089
20 9521
20 25649
20 1873
20 9553
20 25681
20 1937
20 10001
20 6174
20 71694
20 268302
20 34870
20 41014
20 98358
20 34902
20 35094
20 38934
20 43030
20 100374
20 296982
20 297222
20 47110
20 104454
20 301062
20 22554
20 88074
20 546826
20 33906
20 34930
20 36978
20 24690
20 41074
20 42034
20 99378
20 26674
20 43058
20 84018
20 90162
20 106546
20 35154
20 42066
20 22610
20 38994
20 22674
20 39058
20 30738
20 47122
20 88082
20 92178
20 108562
20 96258
20 112642
20 219138
20 66332
20 70172
20 71708
20 67340
20 590604
20 595980
20 215052
20 66868
20 98612
20 74804
20 100404
20 106548
20 35156
20 67348
20 99092
20 75028
20 100628
20 297236
20 104468
20 75524
20 107268
20 112644
20 9560
20 10584
20 25688
20 26712
20 67352
20 75032
20 76056
20 91160
20 88088
20 92184
20 199944
20 206088
20 207112
20 723208
20 216072
20 222216
20 738312
20 223240
20 9584
20 41328
20 9840
20 41584
20 25712
20 26736
20 43120
20 28784
20 45168
20 75056
20 106800
20 91184
20 92208
20 108592
20 41808
20 11600
20 43344
20 45648
20 27728
20 47184
20 10128
20 41872
20 30864
20 47248
20 75536
20 107280
20 77072
20 108816
20 93200
20 112656
20 206592
20 238336
20 208128
20 239872
20 224256
20 227328
20 243712
20 24691
20 1821
20 263949
20 787213
20 25713
20 10065
20 792590
20 100406
20 35158
20 297238
20 104470
20 219146
20 739338
20 26738
20 43122
20 30802
20 47186
20 67356
20 219148
20 739340
20 75060
20 100660
20 106804
20 75540
20 107284
20 108820
20 722696
20 724232
20 220168
20 740360
20 226312
20 746504
20 227336
20 747528
20 108848
20 228352
21 3077
21 265219
21 3141
21 7173
21 13057
21 3142
21 196664
21 197656
21 115776
21 3143
21 265223
21 14595
21 15363
21 13061
21 135941
21 13573
21 15365
21 13121
21 68634
21 86058
21 72714
21 592906
21 114882
21 115778
21 15618
21 80898
21 89090
21 117762
21 197688
21 198712
21 199704
21 217128
21 723976
21 218120
21 211968
21 220160
21 144133
21 13249
21 87082
21 89098
21 218152
21 220168
22 14337
22 655379
22 67075
22 132611
22 263683
22 655385
22 262249
22 196745
22 14345
22 137225
22 268297
22 532753
22 655633
22 14353
22 524691
22 655507
22 655635
22 14355
22 137235
22 657427
22 663571
22 132739
22 263811
22 69123
22 134659
22 265731
22 75267
22 271875
22 198147
22 329219
22 76291
22 532509
22 655513
22 14361
22 137241
22 534553
22 657433
22 262377
22 276489
22 14609
22 137489
22 14865
22 265761
22 655763
22 137491
22 657683
22 14867
22 137747
22 145427
22 665619
22 77315
22 273923
22 200195
23 12323
23 16437
23 16661
23 17477
23 24849
23 82193
23 147729
23 83009
23 590913
23 135206
23 139306
23 270378
23 135218
23 139314
23 147506
23 147730
23 139810
23 143394
23 401922
23 49428
23 16439
23 16663
23 20519
23 135207
23 12331
23 139307
23 12339
23 135219
23 24627
23 139315
23 147507
23 24851
23 147731
23 12835
23 139811
23 28707
23 143395
23 5165
23 66605
23 16693
23 17461
23 20533
23 81973
23 147509
23 17493
23 82005
23 17685
23 147733
23 83013
23 590917
23 9273
23 66617
23 73785
23 196665
23 536601
23 9385
23 37417
23 74281
23 590921
23 74889
23 75273
23 168457
23 205321
23 598537
23 24881
23 147761
23 98865
23 164401
23 197169
23 82257
23 83025
23 541777
23 590929
23 606289
23 25873
23 83217
23 90385
23 155921
23 213265
23 534033
23 205329
23 598545
23 664081
23 721425
23 99905
23 591425
23 623169
23 135214
23 135222
23 147510
23 147734
23 151590
23 139322
23 139434
23 270506
23 139818
23 270890
23 143402
23 274474
23 401450
23 270986
23 401930
23 135474
23 139570
23 147762
23 135730
23 139826
23 143410
23 151602
23 155698
23 155922
23 143890
23 143906
23 401954
23 159778
23 33852
23 66620
23 98364
23 163900
23 33964
23 164012
23 49460
23 50452
23 180500
23 16695
23 20535
23 135223
23 139323
23 12459
23 143403
23 135475
23 135731
23 139827
23 143411
23 155699
23 143891
23 143907
23 159779
23 66621
23 5293
23 20789
23 147765
23 82997
23 151605
23 17749
23 83029
23 607301
23 74297
23 74809
23 204857
23 75289
23 205337
23 13481
23 591433
23 75401
23 599561
23 151857
23 205361
23 607313
23 624193
23 147766
23 151606
23 139834
23 274602
23 401578
23 401962
23 405546
23 402058
23 406050
23 99388
23 53556
23 180532
24 525848
24 197168
24 246272
24 6593
24 268609
24 50190
24 197176
24 721432
24 215064
24 221208
24 221448
24 246280
24 737800
24 199216
24 203280
24 215568
24 254208
24 72003
24 50702
24 542222
24 215576
24 254216
24 745736
25 139297
25 3091
25 7185
25 3095
25 10267
25 532507
25 10379
25 532619
25 3347
25 7187
25 527379
25 533523
25 14473
25 18462
25 67614
25 49182
25 49238
25 541718
25 3159
25 6231
25 7191
25 532635
25 533531
25 531475
25 18718
26 3091
26 131101
26 6165
26 7185
26 3095
26 6167
26 3099
26 3155
26 7187
26 131357
26 133149
26 7189
26 137237
26 132377
26 134169
26 7305
26 136457
26 10270
26 34846
26 40990
26 49182
26 34902
26 533526
26 25670
26 9498
26 41242
26 590930
26 622674
26 590994
26 74946
26 591042
26 630850
26 6231
26 7251
26 527443
26 131869
26 138261
26 132889
26 41246
26 43038
26 592978
26 599186
26 599234
27 67606
27 67610
27 71698
27 598084
27 67607
27 67611
27 71699
27 67614
27 598038
27 67738
27 69786
27 71706
27 79890
27 17052
27 18588
27 614468
27 67615
27 75799
27 69787
27 71707
27 79891
27 67742
27 84124
28 65549
28 69649
28 1547
28 3593
28 1551
28 1579
28 3595
28 528907
28 790563
28 66125
28 3149
28 66637
28 3597
28 65989
28 8782
28 9294
28 24654
28 65997
28 67789
28 25166
29 133145
29 3095
29 3099
29 6171
29 7187
29 7685
29 133401
29 655641
29 132633
29 136713
29 9246
29 17438
29 10270
29 34846
29 40990
29 35098
29 25866
29 3103
29 6427
29 7195
29 656153
29 137497
29 9310
29 39194
30 164353
30 65563
30 6163
30 34837
30 133141
30 34841
30 35345
30 38929
30 6167
30 34839
30 65691
30 6171
30 34843
30 67611
30 98331
30 38931
30 34845
30 34901
30 133205
30 655445
30 6677
30 35349
30 133653
30 37397
30 164373
30 38933
30 655941
30 168453
30 34969
30 37017
30 35353
30 38937
30 39433
30 39441
30 3102
30 9246
30 10270
30 24606
30 40990
30 49182
30 267278
30 3158
30 57414
30 10396
30 34847
30 6231
30 38935
30 65947
30 37019
30 69787
30 38939
30 71707
30 98699
30 34973
30 35357
30 133717
30 655957
30 166421
30 688709
30 39449
30 9374
30 10398
30 41118
30 11294
30 7254
31 18690
31 37122
31 2119
31 131213
31 6165
31 6213
31 133253
31 264453
31 67857
31 7185
31 329985
31 65566
31 18446
31 18694
31 65567
31 2135
31 6167
31 10263
31 67607
31 67623
31 2375
31 6215
31 10311
31 65819
31 67859
31 7187
31 533523
31 67875
31 329987
31 65821
31 6173
31 133261
31 22541
31 100365
31 6229
31 6421
31 67861
31 7189
31 869
31 6245
31 34917
31 67685
31 67877
31 264485
31 266533
31 100389
31 329765
31 2885
31 6469
31 67909
31 22597
31 264965
31 268549
31 329989
31 88069
31 66329
31 131865
31 67865
31 133401
31 137241
31 131977
31 22665
31 137353
31 268337
31 132881
31 68369
31 7441
31 71953
31 334081
31 350209
31 65822
31 18462
31 67614
31 81950
31 83982
31 18710
31 18758
31 50202
31 67615
31 67631
31 2407
31 67867
31 330019
31 66333
31 67869
31 71709
31 68373
31 71957
31 71781
31 71973
31 333861
31 131993
31 132889
31 18718
32 526339
32 262187
32 458757
32 262191
32 2139
32 262235
32 6171
32 526363
32 2219
32 6203
32 6235
32 917531
33 263947
