19 381806 253289 357361 253267 519884 506759 357535 519796 244271 502197 456922 440250 290159 401396 365791 217019 181247 110522 32501
19 496494 384361 242673 449875 454348 244615 447647 257652 343599 256437 358874 354234 492911 479156 437978 152319 278439 62205 97627
19 447342 253289 373745 449875 487116 244615 317087 388724 244271 371189 489690 223162 443759 495540 466139 275439 159670 97595 63197
19 477038 253289 472049 253267 442060 359303 251039 441972 358959 355765 445147 325562 240126 498612 364395 425178 160623 111839 61365
19 247662 449897 373745 449875 360140 244615 382111 360052 440879 241077 510683 423866 289278 498612 466139 206703 190197 126763 32222
19 485230 384361 242673 384339 196300 506759 251039 196212 375343 437685 445147 325562 125438 482229 474331 8190 422255 354037 225067
19 223086 343405 218099 376147 515788 457607 480415 450164 129583 257461 502491 309178 313854 495403 234485 425912 157535 386805 179450
19 354158 408941 349171 441683 253644 392071 480415 253556 326191 126389 240347 178106 444926 495403 365557 229304 452341 376026 225647
19 386926 408941 480243 507219 253644 326535 480415 253556 326191 126389 240347 178106 412158 495403 365557 94137 452317 343262 225647
19 370542 507241 381937 441683 450252 129927 488607 515700 129583 126389 436955 194490 510462 216939 211956 270271 422887 359642 234719
19 370542 507241 381937 441683 450252 129927 488607 515700 129583 126389 502491 194490 444926 216939 211956 270271 419815 359642 234719
19 239470 441705 250865 441683 384716 260999 488607 384628 195119 126389 371419 325562 444926 479083 474100 8127 419573 356719 228570
19 370542 441705 127985 449875 253644 359303 251039 228980 326191 355765 502491 423866 182782 364455 203772 472415 452341 384218 241451
19 370542 441705 390129 515411 253644 424839 513183 228980 457263 224693 240347 161722 444926 364455 465916 341343 321245 24570 127343
19 501614 441705 390129 515411 384716 424839 382111 228980 457263 224693 240347 423866 313854 233383 465916 341343 190173 94123 55679
19 452462 490857 193521 482643 253644 392071 251039 245364 424495 437685 502491 473018 215550 429991 364927 354037 318714 16351 126763
19 190318 425321 127985 449875 384716 228231 447647 507508 227887 241077 436955 473018 477694 233383 364927 354013 326580 278507 253146
19 370542 245097 455665 515411 450252 228231 439455 458356 227887 388533 371419 219066 215550 362471 465852 403167 294699 55806 124637
19 485230 458089 242673 449875 384716 506759 259231 245364 424495 355765 387803 448442 428542 215015 339803 466174 321269 47599 122683
19 386926 327017 242673 515411 483020 441223 128159 245364 457263 486837 355035 415674 428542 116711 339803 209391 190173 367548 155451
19 419694 212457 455665 220499 515788 441223 488607 376438 195119 454069 486107 251834 248318 362471 499549 359348 326874 24447 124661
19 223086 409065 259057 482643 515788 441223 390303 441974 227887 257461 387803 448442 444926 362471 237405 360180 321373 23487 113914
19 419694 441833 357361 449875 384716 244615 324767 376438 490031 486837 453339 251834 379390 493543 466781 212218 195508 126763 30687
19 419694 441833 357361 449875 384716 244615 324767 376438 490031 486837 453339 513978 379390 231399 466781 212218 195508 126763 24543
19 321390 441833 357361 449875 483020 375687 423071 474742 391727 388533 453339 513978 477694 231399 499549 225067 195508 130266 24575
19 239470 253289 439281 253267 327372 506759 193695 327284 490031 372149 125659 382906 444926 477173 474586 7935 421675 356719 228276
19 370542 384361 439281 384339 261836 441223 128159 196212 490031 503221 125659 513978 444926 215029 212442 270079 421723 359348 236335
19 354158 384361 472049 384339 442060 228231 373919 441972 481839 224693 322267 448442 494078 247541 241451 425178 160623 129972 40415
19 485230 253417 472049 384339 376524 228231 504991 245366 481839 486837 453339 382906 363006 444149 438059 425178 269311 59367 130909
19 223086 253289 472049 384339 376524 457607 373919 507508 481839 486837 256731 513978 363006 444149 438059 294138 139231 94119 64508
19 223086 253289 472049 384339 376524 457607 242847 507508 481839 486837 256731 382906 363006 444149 438059 294138 139231 92135 64444
19 223086 253289 472049 253267 376524 457607 242847 376436 481839 355765 125659 382906 494078 444149 438059 425210 8159 323951 195508
19 485230 384361 472049 384339 245452 457607 504991 245364 481839 224693 256731 120762 363006 444149 438059 294138 139231 354293 192879
19 223086 384361 472049 253267 507596 326535 242847 507508 481839 486837 256731 382906 363006 444149 438059 294138 139231 92125 64438
19 485230 384361 472049 515411 245452 326535 504991 245364 481839 224693 256731 120762 363006 444149 438059 294138 139231 354269 192879
19 354158 384361 472049 384339 442060 228231 373919 441972 252463 224693 322267 448442 494078 476917 241451 417242 160623 129972 48351
19 354158 384361 242673 384339 442060 228231 373919 441972 481839 224693 322267 448442 494078 247541 470827 408798 160623 129972 56795
19 452462 515433 439281 253267 245452 424839 242847 507508 449071 454069 387803 513978 223742 349941 343851 462815 326874 39935 126887
19 452462 515433 439281 253267 245452 424839 504991 507508 449071 454069 387803 251834 223742 349941 343851 462815 326874 39935 124903
19 321390 253289 439281 253267 507596 490375 504991 507508 449071 322997 387803 251834 223742 349941 343851 397279 163066 104958 59381
19 321390 253289 439281 515411 507596 228231 504991 507508 449071 322997 387803 251834 223742 349941 343851 397279 163066 104958 59357
19 255854 450025 242673 384339 376524 228231 439455 441974 252463 257461 387803 382906 420350 481013 474923 331743 61245 291815 195802
19 485230 482665 455665 499539 196300 523143 390303 196212 498223 241085 223963 235450 444926 378613 406775 343036 307051 24511 127343
19 381806 495081 127985 482643 425676 387975 480415 437878 129583 194997 506074 436154 223069 188340 209789 339879 316783 294618 232699
19 471918 486889 373745 228691 196300 502663 226463 454262 383535 448949 260314 452538 378717 462079 171994 352180 308591 28411 113575
19 471918 486889 373745 228691 196300 502663 488607 454262 383535 448949 260314 190394 378717 199935 434138 352180 308591 28411 119783
19 471918 421353 504817 359763 130764 502663 357535 192118 514607 252341 456922 190394 378717 396543 106458 221108 316285 307111 210287
19 373614 388585 242673 359763 229068 502663 455839 257654 383535 252341 489690 485306 444253 462079 434138 414695 12223 327412 195947
19 373614 388585 504817 458067 196332 109527 324799 487030 514607 252341 489690 255930 444253 462079 434138 23423 405415 360348 226767
19 480110 323049 242673 449875 245452 387975 496799 241270 358959 227765 456922 321466 477021 118710 343851 404734 160757 366301 187755
19 447342 241129 357361 499027 360140 453511 480415 126582 440879 326069 260314 239546 477021 118710 341749 405419 163038 367979 185213
19 471918 372201 226289 441683 450252 387975 439455 380534 227887 252341 456922 378810 223069 464239 237492 413434 293799 63325 109819
19 242542 176105 488433 376147 515788 256903 439967 446070 358959 416247 522458 378810 485213 234863 466868 208123 326973 63223 90076
19 242542 241129 357361 245075 515788 387975 193695 511606 358959 481717 456922 509882 419677 316783 278516 208123 428991 106203 98228
19 439150 241129 422897 507219 384716 453511 242847 249462 424495 383413 260314 509882 354141 415087 343988 200443 319194 44527 97085
19 439150 241129 422897 245075 384716 453511 504991 511606 424495 383413 260314 247738 354141 415087 343988 200443 319194 44527 95221
19 439150 437737 357361 245075 253644 453511 504991 511606 326191 383413 260314 247738 354141 480623 343988 397307 163548 109819 62439
19 439166 372201 488433 376147 450253 519047 504991 511606 358959 448949 260314 378810 223069 218479 212916 397051 294382 63221 101375
19 439166 503273 226289 376147 450253 519047 242847 249462 358959 448949 522458 382906 356189 480623 475060 397051 32238 321271 196411
19 439150 503273 226289 376147 384716 453511 504991 511606 195119 448949 391386 378810 223069 218479 212916 266235 425182 95207 102139
19 439150 503273 226289 376147 384716 453511 504991 511606 195119 448949 391386 378810 223069 218479 212916 397307 294110 62439 102139
19 439150 503273 226289 507219 384716 453511 373919 380534 195119 448949 391386 509882 223069 218479 212916 266235 425182 97071 102139
19 439150 372201 488433 245075 253644 453511 242847 380534 457263 448949 391386 378810 485213 480623 475060 135163 294110 62333 98215
19 439150 372201 226289 507219 515788 453511 504991 380534 195119 448949 391386 378810 223069 218479 212916 397307 294110 62333 102139
19 193390 191977 357361 245075 515788 486279 242847 511606 358959 383413 506074 509882 370525 464239 428983 155355 278524 60667 98228
19 161646 511465 226289 507219 376524 486279 504991 380534 227887 358837 448731 378810 190301 463741 171943 482522 306174 62831 110330
19 496494 437737 480241 507219 491212 248775 464063 421494 129583 129461 456922 452538 386909 319386 114612 98091 185213 331007 146655
19 496494 372201 480241 441683 196300 510919 431295 126582 490031 227765 456922 124858 419677 122778 212916 339195 322471 284541 234863
19 373614 437737 357361 507219 491212 319367 472223 421494 129583 129461 448762 452538 116605 461791 237492 220971 193373 388314 142591
19 373614 437737 226289 507219 491212 319367 472223 421494 129583 129461 448762 452538 116605 461791 237492 352043 193373 355550 175355
19 242542 372201 226289 376147 491212 188295 472223 421494 129583 260533 448762 321466 247677 330719 434100 483115 439135 382709 257242
19 242542 372201 488433 376147 491212 188295 472223 421494 391727 260533 448762 321466 247677 330719 434100 220971 439135 120565 93662
19 242542 372201 488433 376147 491212 450439 472223 421494 391727 260533 448762 321466 247677 330719 434100 220971 176991 120565 28158
19 373614 503273 324593 507219 425676 122759 439455 421494 129583 358837 514298 485306 116605 396255 237492 218479 188203 388314 143071
19 373614 503273 324593 507219 425676 122759 439455 421494 129583 227765 514298 485306 116605 396255 237492 349551 188203 356058 175327
19 242542 503273 324593 507219 425676 122759 439455 421494 129583 227765 514298 485306 116605 396255 368564 349551 188203 339675 191710
19 242542 503273 226289 376147 360140 188295 357535 487030 244271 194997 383226 452538 116605 461791 433908 417579 275935 322471 257242
19 242542 372201 226289 441683 425676 384903 455839 355958 244271 227765 448762 387002 444285 199647 499444 482667 322471 63325 122106
19 242542 372201 226289 441683 425676 384903 455839 355958 244271 227765 448762 387002 182141 461791 499444 482667 322471 63325 126202
19 242542 503273 226289 441683 425676 122759 455839 487030 244271 227765 448762 387002 182141 461791 368372 351595 322471 276447 257242
19 242542 503273 226289 441683 425676 384903 455839 487030 244271 227765 448762 387002 444285 199647 368372 351595 322471 14303 122106
19 242542 503273 226289 441683 425676 384903 455839 487030 244271 227765 448762 387002 182141 461791 368372 351595 322471 14303 126202
19 242542 372201 226289 507219 491212 384903 455839 355958 244271 227765 448762 387002 182141 461791 433908 417131 273343 63325 126202
19 242542 454121 488433 441683 360140 253831 472223 355958 457263 129461 514298 321466 231293 281567 372662 220971 186101 365935 159198
19 504686 454121 226289 441683 491212 384903 472223 487030 195119 260533 383226 452538 493437 150495 110518 352043 317173 277471 236795
19 242542 388585 193521 376147 458444 221063 439455 421494 129583 227765 514298 354234 231293 314335 470966 472415 450347 382709 257242
19 373614 224745 324593 474451 458444 122759 504991 192118 490031 326069 252154 223162 362365 412639 176054 349941 433515 355802 242525
19 242542 355817 193521 474451 458444 122759 504991 323190 227887 194997 383226 354234 231293 412639 307126 481013 433515 373597 257242
19 465774 387945 434105 453463 456396 376711 486043 521844 252975 468223 258996 512367 249269 378618 245210 294334 163811 90077 43775
19 400254 387945 237489 453459 423629 237447 424603 259700 384047 173311 258996 381295 478709 509658 376282 94126 327078 276221 227675
19 433006 453481 368561 256851 390860 434055 256667 390772 490543 435455 488372 250223 380341 477146 212442 269055 163292 94059 47031
19 429038 433129 388529 252755 489164 503175 449179 439927 257071 480475 488372 385391 485082 384436 343900 403951 163644 104443 65271
19 428926 383849 437745 383827 440013 257415 416415 228980 519215 382171 521140 221679 386778 253364 212970 341823 65450 290293 169823
19 428926 449385 470513 383827 374477 454023 465567 228980 453679 382171 258996 483823 386778 253364 245674 292667 163548 93671 39807
19 232318 252777 470513 252755 505549 388487 465567 360052 257071 447707 455604 352751 452314 384436 311210 423739 141823 104287 65268
19 428926 252777 438193 514899 474829 257415 481947 491124 257071 431327 390068 221695 386778 384436 376298 292655 163322 68607 63197
19 428926 252777 438193 221011 473037 519559 514715 390772 224319 431327 488380 254319 386778 384436 114154 293607 163322 331647 177909
19 428926 252777 438193 483155 473037 257415 514715 390772 224319 431327 488380 254319 386778 384436 376298 293607 163322 69503 63197
19 500606 371689 521649 228179 489165 438151 227995 384630 519215 433403 449460 186346 249564 475519 212444 335783 324063 32637 108471
19 471422 453481 505265 490323 358125 322967 227995 253556 453679 253146 514996 186346 462557 377215 45050 421798 407261 368591 243007
19 373118 453481 505265 326483 374477 257415 424603 482932 257071 482522 252852 219114 364253 442751 405482 341311 171957 94182 62175
19 480126 416745 521649 256851 386765 449927 256667 327286 515119 343259 375732 243690 470951 368348 426495 224764 180061 121199 30647
19 381310 506729 456113 383827 352205 245127 387739 454260 212031 519386 228276 206842 509247 233446 431837 422639 16251 327590 185055
19 381310 244585 456113 383827 352205 245127 387739 454260 212031 519386 490420 206842 509247 233446 431837 422639 278395 65446 120541
19 381310 506729 259505 449363 417741 245127 387739 257652 408639 519386 490420 403450 509247 233446 366301 94959 63207 278462 155483
19 250238 506729 390577 449363 417741 376199 256667 388724 408639 519386 490420 403450 509247 364518 235229 357103 194279 89947 49086
19 512382 359273 456113 252755 251597 441735 256667 503412 359471 257242 441268 370666 443711 348134 209759 401149 289755 55037 114087
19 250366 490345 390577 450387 251597 376199 256667 241269 425007 519386 441276 436202 378175 479206 471903 335613 324343 28635 130862
19 438654 343017 259505 441171 194253 490887 453275 355958 515119 388314 252852 509930 238911 332543 495604 155485 294822 56701 93163
19 373118 408553 259505 375635 128717 425351 387739 421494 515119 519386 252852 444394 238911 463615 495604 89949 63325 294822 158699
19 373118 408553 259505 375635 390861 425351 387739 421494 252975 519386 252852 444394 501055 463615 233460 89949 63325 294822 146171
19 504190 408553 259505 375635 390861 425351 387739 421494 252975 388314 252852 444394 501055 332543 233460 221021 63325 318887 146171
19 422270 375657 226801 457555 227021 515463 354975 519796 449583 388314 252852 378858 238911 496351 397309 475050 48886 325053 191467
19 422270 506729 357873 457555 358093 515463 486047 257652 449583 257242 383924 509930 369983 234207 397309 212906 311030 60395 89471
19 408062 457577 390577 244563 374477 482695 453275 487029 252975 519386 383924 411627 369983 496351 495590 358238 194492 93163 65271
19 342526 457577 521649 375635 243405 417671 256667 487029 384047 195834 514996 346091 436031 234207 495590 227166 323037 63222 89519
19 373118 392041 259505 473939 409549 253319 387739 257652 416831 519386 449460 411642 501055 365279 233446 95975 62191 286652 147291
19 422270 441193 226801 441171 227021 384391 240287 257652 384047 503002 383924 378858 419135 234207 466357 339946 61428 291551 188203
19 366398 325481 245425 449875 253133 374663 486298 486260 357099 371175 448575 255708 443711 478182 409050 204351 175093 130268 30699
19 431934 227177 442033 384339 449741 243591 387994 519028 226027 240103 448575 386780 419135 220134 343514 462589 322538 47031 122077
19 431934 489321 442033 384339 384205 440199 256922 256884 226027 240103 448575 517852 353599 220134 343514 397053 293850 45031 121919
19 235326 358249 245425 449875 449741 374663 453530 519028 357099 240103 514111 452316 353599 351206 474586 397053 161703 118493 65018
19 349566 255849 450225 257363 490701 382855 474011 441204 254699 440806 383039 440028 339701 236506 492863 159662 292219 60382 89845
19 445886 446441 491185 519507 244941 513927 506778 408439 385771 358886 251967 407263 241396 351196 370479 218491 63356 302335 158703
19 445886 446441 491185 519507 244941 513927 506778 408439 385771 358886 251967 407263 241396 351196 370479 218491 325500 40191 93167
19 386366 386921 450225 486739 474317 325511 228250 252788 385771 252390 440383 251612 438004 464251 101359 286631 158683 343772 177471
19 386366 190441 384689 519507 474573 456583 228250 155510 221947 252390 440511 513756 503540 497019 101359 359983 326493 278522 244797
19 386366 190441 384689 519507 474573 456583 228250 155510 221947 252390 440511 513756 503540 497019 363503 359983 326493 16378 130109
19 386366 255849 384689 453971 507085 391047 424858 514932 254699 227814 505919 448220 470772 202619 297967 347583 178103 81882 56573
19 386366 255849 384689 519507 441805 391047 228250 449396 189179 227814 505919 513756 470772 202619 363503 413119 294511 49114 122045
19 386366 517993 384689 257363 441805 391047 228250 449396 451323 489958 505919 251612 470772 464763 101359 413119 32367 311258 178103
19 517438 255849 515761 388435 441805 259975 359322 449396 189179 227814 505919 382684 470772 202619 363503 413119 294511 47031 122077
19 501182 147309 446131 228691 384205 501639 359322 379765 471787 457190 260159 186078 225114 464747 368348 478901 325113 48943 123893
19 492990 120685 245427 384339 474317 518023 359322 502645 381675 195046 522303 456412 94046 483060 442218 413615 275967 323253 257529
19 443838 382825 225265 515411 441549 518023 113566 453493 119535 129510 489535 489180 372570 499444 462767 406523 32622 322749 195771
19 247230 448361 487089 384339 244941 518023 375706 256885 381675 457190 489535 489180 438106 499444 462767 144379 290301 65207 98158
19 378302 382825 503473 482643 228557 386951 195482 502645 512747 506342 358463 472796 225114 188148 177531 418791 270271 64476 102319
19 509374 448361 487089 449875 130253 485255 195482 224117 504555 506342 383039 128732 372570 220148 142591 335707 311221 287727 235311
19 443838 251753 388785 449875 376013 485255 244634 355189 226027 227814 448575 374492 241498 367604 460719 408671 31734 317291 191677
19 247230 382825 257713 384339 244941 485255 441242 420725 357099 424422 251967 440028 372570 433140 460719 212063 316735 61173 97258
19 443838 448361 487089 253267 228557 452487 375706 355189 373483 375270 251967 227036 241498 367604 462015 407403 32732 318527 189415
19 189886 513897 454321 482643 228813 452487 375706 191349 111355 375270 481343 489180 372570 105461 462015 406503 294746 314559 253550
19 435646 448361 487089 441683 376013 255879 383898 224117 250603 227814 440383 358108 380762 462525 236518 415099 293876 59311 113759
19 484798 415737 388785 261459 474319 518023 441242 404343 455403 318950 383551 374492 249690 494077 235311 360300 195645 94715 45047
19 484798 382825 519857 228691 195789 386951 441242 437109 471787 499174 121407 194268 249690 477693 113727 286454 423727 343005 238567
19 492990 448361 376497 482643 503245 194439 490394 240501 189179 195046 514111 358108 355950 121844 409450 206775 310493 313339 220255
19 492990 513897 245425 449875 372173 227207 326554 371573 353019 227814 514111 456412 192110 351220 474986 400607 419767 122415 126427
19 378302 382825 229041 384339 437709 489351 441242 437109 369403 227814 514111 194268 224878 465908 237103 413147 292655 65268 108027
19 247230 382825 229041 384339 241101 489351 375706 502645 500475 457190 251967 456412 355950 465908 433711 413659 275967 61365 130026
19 247230 513897 229041 392531 241101 489351 506778 240501 385787 457190 514111 456412 487022 351228 311087 413659 144895 106231 65386
19 247230 513897 229041 392531 241101 489351 506778 502645 385787 457190 251967 456412 487022 351228 311087 413659 144895 106231 64490
19 443838 382825 196273 384339 486861 194439 375706 437109 484091 506342 514111 505564 126574 220148 210239 270063 425818 356277 233435
19 443838 382825 458417 253267 224717 456583 375706 437109 484091 375270 251967 243420 388718 482292 472383 270063 163674 93629 62439
19 443838 251753 327345 515411 486861 325511 244634 437109 221947 244198 514111 505564 388718 351220 341311 401135 163674 102363 64701
19 408062 373613 433907 261459 253133 326535 468895 413557 485099 386534 510940 447677 256063 381803 245688 359998 194394 89565 45031
19 342526 242541 368371 261459 515277 326535 468895 348021 485099 452070 510940 382141 256063 447339 442296 425534 138719 128858 61429
19 481406 242553 360113 515411 371919 228231 444315 323444 194282 194022 322524 357565 224047 106422 401389 468954 440383 381803 249053
19 448638 373625 491185 449875 502991 490375 247707 225140 128746 128486 256988 423101 322351 368566 139245 341851 436214 347389 243775
19 388158 318317 112371 486739 257229 374663 187294 243572 449258 448998 503997 484187 444390 494781 465755 14327 421053 360408 229163
19 388158 318317 374451 486739 486605 243591 449434 243572 252650 448998 503997 484187 444390 494781 465755 276455 159165 98296 65119
19 486462 449385 505521 228691 486605 374663 449434 374644 383722 448998 258237 484187 182254 494781 204635 407526 290237 65119 109559
19 486462 252777 489137 458067 486605 374663 252826 374644 442090 252390 422333 254811 444398 363965 204383 343018 60151 286559 177597
19 486462 383849 259761 425299 486605 243591 383898 243572 442090 383462 422333 385883 444398 232893 335455 211942 60151 308669 155483
19 355902 383849 423665 257363 453837 374663 449438 440180 244458 350695 520381 254811 509926 232893 466527 212474 327467 64988 87799
19 224830 252777 423865 453975 388301 243591 383898 374644 441070 219623 520381 516955 509926 429501 466527 343546 57075 294703 196060
19 388158 383849 229041 454483 519373 374663 514970 474996 506602 155118 193213 484319 247782 495037 171615 357755 309751 32732 109051
19 257086 514921 229041 388435 388301 440199 514970 440180 441066 481766 389309 222047 444390 363965 204383 407035 290399 56295 112634
19 388158 383849 425649 519507 257229 374663 252826 243572 506602 424422 520381 418655 509926 430013 466527 79355 54779 294876 163631
19 372286 502633 259761 515411 319181 243591 449434 423796 490218 305655 258237 385883 247292 479143 474588 73343 195887 357870 158683
19 241214 502633 259761 384339 384205 178119 416698 423796 424682 436711 258237 385883 476668 233383 368092 93759 326687 276455 220122
19 470590 486249 390833 515411 449741 227207 449434 194420 260842 223719 374973 501595 443900 462759 168958 351708 306991 31739 113759
19 503358 502633 390833 458067 483021 243591 482202 251764 195306 354807 520381 484187 189948 319279 311260 161199 397047 105979 93791
19 372286 519017 376497 228691 351949 456583 482202 448372 457450 313847 258237 369503 222716 498991 202746 405415 162911 128490 44023
19 241214 387945 245425 490835 220877 391047 482202 448372 457450 182775 520381 238431 484860 498991 333818 405415 294015 49117 128490
19 372286 256873 376497 523603 351949 194439 482202 481140 260842 117239 454845 369503 484860 498991 169978 159535 277471 325098 212189
19 437822 519017 442033 228691 188109 522119 383898 382836 490218 444919 258237 435039 222716 498991 202746 339703 325098 32575 109543
19 241214 486249 245425 458067 188109 489351 449434 382836 391914 215543 520381 238431 452092 498991 399354 343517 307111 32383 128490
19 372286 486249 376497 458067 319181 227207 449434 251764 490218 346615 258237 369503 452092 498991 202746 408797 159655 128490 47967
19 503358 486249 507569 326995 319181 227207 383898 251764 228074 215543 454845 500575 321020 498991 399354 343261 175079 94119 64607
19 241214 486249 245425 458067 188109 489351 383898 382836 490218 215543 454845 238431 452092 498991 399354 343261 306151 32575 128490
19 241214 519017 245425 359763 122573 456583 383898 448372 424682 182775 520381 238431 353788 466223 432122 216823 310367 323495 226794
19 241214 453481 245425 490835 122573 456583 383898 382836 424682 182775 520381 238431 353788 466223 432122 216823 310493 323375 226794
19 241214 453481 245425 359763 122573 456583 383898 513908 490218 182775 520381 238431 353788 466223 301050 151287 409053 372647 226794
19 241214 453481 245425 359763 122573 456583 383898 513908 490218 182775 520381 238431 353788 466223 432122 151287 277981 323495 226794
19 224830 241513 390833 507219 483021 194439 499610 448372 457450 379383 241919 484187 452092 253231 408501 341998 306783 32251 121820
19 486974 503657 390833 245075 220877 456583 237466 448372 457450 379383 241919 484187 189948 515375 408501 341998 306783 32251 125863
19 486974 503657 390833 245075 483021 456583 499610 448372 195306 379383 504063 484187 189948 253231 408501 79854 306783 294395 216823
19 323134 438121 521905 245075 122573 423815 237466 481140 490218 379383 176383 385883 222716 449839 342965 470623 449500 374254 256935
19 323134 438121 521905 245075 384717 423815 237466 481140 228074 379383 438527 385883 222716 449839 342965 470623 187356 112110 61111
19 192062 438121 390833 507219 253645 423815 499610 481140 490218 248311 438527 254811 484860 384303 211893 339551 326620 24571 112110
19 454206 438121 390833 245075 253645 423815 237466 481140 490218 510455 176383 516955 222716 384303 474037 339551 326620 24571 125863
19 323134 372585 521905 245075 188109 358279 237466 513908 490218 444919 110847 451419 222716 351535 408501 462559 439790 383964 256935
19 323134 372585 259761 507219 450253 358279 499610 251764 490218 444919 372991 451419 484860 351535 408501 200415 177646 121820 32635
19 257598 241513 390833 441683 450253 227207 434074 382836 490218 379383 176383 516955 419324 220463 474037 331487 322471 32123 121820
19 486974 387945 440049 359763 417485 522119 310174 448372 391914 444919 487613 254811 501244 367983 462779 211942 195883 122549 30719
19 425150 408569 253617 359763 449743 243591 387994 444279 501482 502246 250301 356959 224319 465771 367837 477172 65388 309175 191451
19 408766 343017 450225 245075 449741 489351 387994 477047 386794 387558 446909 242271 437311 367467 493556 229212 191466 122045 30711
19 212158 211945 384689 441811 449741 227207 453530 411519 517866 387558 512445 373343 240703 236395 493556 360284 65319 292347 184284
19 212158 211945 384689 441811 449741 227207 453530 411519 517866 387558 512445 373343 240703 236395 493556 360284 327463 30203 118748
19 257086 441193 351929 474455 257229 382855 441242 382836 440042 448998 254397 488031 338926 236891 495285 157683 294077 61275 89070
19 388158 359273 519857 253267 519373 325511 490394 456564 243434 506342 254397 512607 445418 346103 277759 204733 175967 106460 31479
19 388158 359273 257713 515411 257229 325511 490394 456564 505578 506342 516541 250463 445418 346103 277759 204733 175967 106460 30699
19 388158 490345 257713 384339 388301 194439 490394 194420 505578 506342 254397 381535 445418 215031 146687 335805 307039 30694 105307
19 388158 383849 519857 449875 257229 374663 252826 243572 440042 506342 451005 512607 486378 481205 474207 397311 31479 327644 196399
19 388158 383849 257713 449875 519373 374663 514970 505716 440042 244198 451005 250463 486378 481205 474207 135167 293623 65500 95739
19 388158 383849 257713 474579 486605 128903 482202 210812 513770 252390 516541 455263 437226 433341 364407 294695 149503 344028 195931
19 388158 383849 257713 474579 486605 391047 482202 210812 513770 252390 516541 455263 437226 433341 364407 294695 149503 81884 64891
19 519230 514921 257713 474579 486605 391047 482202 472956 382698 252390 385469 193119 437226 433341 102263 163623 280575 309983 210427
19 388158 383849 519857 441811 486605 128903 482202 210812 448234 514534 451005 520799 240618 236733 364407 425775 31479 311260 184159
19 388158 383849 257713 441811 486605 391047 482202 472956 448234 252390 451005 258655 502762 498877 364407 163631 293623 49116 95739
19 388158 383849 519857 179667 486605 391047 482202 472956 448234 514534 451005 258655 240618 236733 364407 163631 293623 49116 83959
19 486462 449385 388785 425299 486605 374663 449434 374644 448234 252390 483773 258655 240618 367805 397151 343014 179893 89947 58879
19 486462 383849 257713 359763 486605 440199 383898 440180 382698 252390 483773 258655 371690 433341 200543 408550 24415 323253 177659
19 453694 383849 257713 425299 453837 243591 383898 243572 481002 383462 221629 455263 371690 236733 397151 342775 47078 290237 187227
19 224318 220009 519857 392531 453837 212871 449434 440180 382698 514534 385469 225919 502762 498877 364383 423900 294703 47863 128988
19 224446 220137 519857 523603 453837 343943 449434 178039 382698 514534 385469 488063 502762 498877 495455 423900 294703 64223 130940
19 486462 482153 257713 326995 388301 212871 383898 243572 448234 252390 451005 356991 502762 498877 298847 423900 146167 112551 64859
19 486462 482153 257713 326995 388301 212871 383898 243572 448234 514534 451005 356991 502762 236733 298847 423900 146167 112551 57179
19 486462 482153 454321 392531 388301 212871 383898 243572 251626 448998 254397 356991 502762 498877 429919 423900 15867 325543 195167
19 486462 482153 454321 130387 388301 475015 383898 505716 251626 448998 254397 356991 502762 498877 167775 161756 278011 325543 211703
19 486462 482153 454321 261459 388301 475015 383898 374644 251626 448998 254397 488063 502762 498877 167775 161756 278011 65327 80631
19 511038 502633 450225 126323 253133 321423 244634 423796 374506 440806 381373 258655 487380 482282 474301 69503 195931 359127 161703
19 511038 502633 450225 388467 384205 452495 375706 227188 243434 440806 250301 389727 225236 482282 474301 266111 163291 96167 60031
19 511038 502633 450225 257395 253133 452495 244634 489332 505578 440806 512445 127583 356308 351210 343229 135039 294363 296959 227239
19 511038 502633 450225 388467 253133 452495 244634 227188 505578 440806 512445 389727 225236 351210 343229 397183 294363 38903 126767
19 453694 453481 507569 421235 253133 419727 252826 374644 358122 506342 356797 250463 372692 399279 232827 219863 319444 60031 79791
19 257086 256873 458417 241011 498893 419727 498586 382836 358122 457190 356797 242271 380884 413487 407463 203487 302555 60031 96244
19 453694 453481 376497 224627 253133 370575 252826 497524 489194 391654 504253 455263 511956 347951 211803 401143 30716 318939 180135
19 486462 486249 507569 224627 253133 436111 252826 382836 325354 506342 324029 225887 380884 429871 335323 407540 154335 109183 63399
19 486462 256873 507569 355699 482509 370575 252826 448372 325354 506342 324029 225887 446420 364335 204251 407526 158335 121559 47037
19 453694 453481 376497 224627 253133 436111 252826 382836 489194 375270 487869 258655 380884 429871 204251 408311 286684 60795 112551
19 453694 453481 376497 486771 253133 370575 252826 382836 489194 375270 487869 193119 249812 429871 466395 146167 284668 64859 92079
19 257086 256873 442033 355699 384205 239503 383898 513908 489194 440806 487869 455263 446420 233263 335323 146167 288251 49063 90076
19 421054 355305 442033 257395 449741 239503 383898 284535 128746 375270 192957 520799 511956 233263 466395 212860 457578 392253 219863
19 421054 355305 442033 257395 449741 239503 383898 284535 390890 375270 455101 520799 511956 233263 466395 212860 195434 130109 24535
19 421054 224233 442033 519539 449741 501647 383898 415607 390890 244198 455101 258655 380884 233263 335323 475004 326506 44735 120317
19 421054 224233 442033 388467 449741 239503 383898 415607 259818 244198 455101 389727 511956 233263 466395 343932 326506 30647 122077
19 421054 224233 442033 388467 384205 239503 383898 218999 259818 244198 520637 455263 511956 429871 466395 343932 55290 294823 195677
19 421054 486377 442033 126323 384205 239503 383898 481143 259818 506342 258493 455263 511956 429871 466395 81788 55290 294823 162519
19 421054 486377 442033 388467 384205 501647 383898 218999 259818 506342 258493 455263 249812 429871 204251 343932 317434 32679 109183
19 421054 486377 442033 388467 515277 370575 252826 218999 128746 506342 389565 455263 249812 429871 204251 343932 55290 293591 175679
19 421054 486377 442033 388467 515277 370575 514970 218999 128746 506342 127421 455263 249812 429871 204251 343932 55290 293591 174719
19 421054 486377 442033 388467 253133 370575 514970 218999 390890 506342 127421 455263 249812 429871 204251 343932 55290 293591 174959
19 421054 224233 442033 519539 384205 239503 514970 87927 259818 244198 389565 455263 380884 429871 335323 475004 55290 306031 195677
19 355518 355305 507569 454003 449741 370575 449434 218999 259818 506342 258493 455263 249812 364335 204251 409468 292775 57308 109183
19 355518 224233 507569 191859 449741 239503 449434 350071 259818 506342 389565 455263 511956 233263 335323 409468 292775 47998 122581
19 355518 486377 507569 191859 449741 239503 449434 350071 259818 506342 389565 455263 511956 233263 335323 147324 292775 47998 89815
19 486590 486377 507569 191859 449741 239503 449434 350071 128746 506342 127421 455263 380884 233263 335323 147324 292775 305791 219863
19 355518 486377 376497 257395 384205 239503 449434 415607 194282 506342 389565 520799 446420 233263 400859 212860 306751 64490 89815
19 224446 486377 245425 388467 384205 239503 449434 153463 456426 506342 258493 389727 446420 495407 400859 343932 306751 30695 129882
19 224446 486377 245425 388467 384205 239503 449434 415607 456426 506342 258493 389727 446420 233263 400859 343932 306751 30695 121818
19 224446 355305 245425 454003 515277 370575 449434 350071 456426 375270 258493 520799 511956 233263 466395 409468 294583 64861 121850
19 486590 355305 507569 454003 253133 370575 449434 87927 456426 375270 258493 520799 249812 495407 204251 409468 32439 327005 174959
19 224446 355305 245425 454003 253133 370575 449434 218999 456426 375270 258493 520799 511956 364335 466395 409468 294583 56797 129898
19 486590 355305 507569 454003 253133 370575 449434 218999 456426 375270 258493 520799 249812 364335 204251 409468 32439 318941 174959
19 453694 453481 376497 224627 482509 386959 482202 382836 259818 375270 258493 438879 511956 429871 202235 409511 284668 64859 113399
19 388158 387945 245425 486771 482509 321423 482202 448372 456426 244198 455101 242271 249812 364335 464379 278439 162399 90076 58875
19 257086 256873 507569 355699 482509 321423 482202 448372 325354 506342 324029 242271 511956 364335 464379 147367 424543 121559 96252
19 519230 519017 245425 355699 482509 321423 482202 448372 325354 244198 324029 242271 249812 364335 464379 409511 162399 121559 58875
19 257086 256873 376497 224627 482509 190351 482202 448372 456426 375270 455101 373343 511956 364335 202235 409511 293471 54779 114644
19 257086 256873 376497 421235 482509 321423 482202 382836 456426 375270 455101 242271 511956 233263 398843 81831 178903 359771 153596
19 257086 256873 507569 421235 482509 452495 482202 382836 325354 506342 324029 242271 380884 233263 398843 81831 178903 354943 153596
19 519230 519017 245425 421235 482509 452495 482202 382836 325354 244198 324029 242271 380884 233263 398843 343975 178903 92799 54779
19 388158 387945 507569 486771 457933 485263 457626 194420 227050 506342 225725 373343 249812 397311 235003 350935 319279 30716 109183
19 388158 387945 507569 224627 195789 485263 195482 456564 489194 506342 487869 242271 511956 135167 366075 350935 319279 16380 120743
19 388158 387945 245425 486771 457933 223119 457626 194420 489194 244198 487869 504415 511956 135167 366075 350935 319279 16380 122203
19 257086 256873 507569 355699 326861 223119 326554 456564 489194 506342 487869 373343 511956 266239 235003 482007 188207 120743 49116
19 519230 519017 507569 355699 326861 485263 326554 194420 227050 506342 225725 373343 249812 266239 235003 482007 450351 120743 109183
19 519230 519017 507569 355699 326861 223119 326554 456564 227050 506342 225725 373343 511956 266239 235003 482007 188207 120743 47839
19 453694 387945 245425 421235 515277 419727 383898 513908 358122 244198 422333 242271 249812 429871 333307 211671 318422 48829 91643
19 470206 469993 392881 224627 449741 370575 449434 366455 259818 391654 258493 488031 446420 216879 180060 415732 274351 64859 105207
19 470206 240617 491185 388467 449741 239503 383898 169847 390890 260582 455101 488031 446420 479023 376668 153594 289647 48823 97629
19 437438 437225 523953 355699 384205 501647 383898 235383 227050 522726 225725 455263 249812 479023 343900 400119 292860 49063 125567
19 437438 437225 261809 486771 515277 501647 514970 366455 358122 260582 356797 193119 380884 216879 212828 400119 292860 60031 103931
19 437438 437225 392881 224627 253133 370575 252826 366455 489194 391654 487869 455263 511956 479023 212828 400119 30716 327003 180135
19 437438 437225 130737 486771 515277 370575 514970 366455 489194 129510 487869 193119 511956 216879 212828 400119 292860 327003 235003
19 437438 437225 392881 486771 515277 501647 514970 235383 227050 391654 225725 455263 249812 347951 343900 400119 292860 40443 125567
19 371902 371689 458417 355699 515277 239503 514970 235383 489194 457190 487869 324191 446420 347951 409436 203511 173563 120820 32607
19 371902 240617 327345 486771 384205 501647 252826 104311 227050 195046 356797 455263 511956 413487 409436 465655 431611 392042 261181
19 371902 240617 327345 486771 384205 501647 252826 366455 489194 457190 356797 455263 511956 413487 409436 203511 169467 129898 32701
19 371902 502761 327345 486771 384205 501647 252826 366455 489194 457190 356797 455263 249812 413487 409436 203511 169467 129898 28607
19 502974 502761 392881 191859 253133 436111 252826 464759 423658 391654 422333 127583 479188 315183 114524 92799 449239 333307 210855
19 371902 371689 523953 191859 253133 370575 252826 464759 423658 522726 422333 258655 479188 446255 180060 92799 301815 294876 210855
19 371902 371689 261809 454003 515277 370575 514970 464759 423658 260582 422333 258655 479188 184111 180060 92799 301815 294876 202235
19 371902 502761 392881 191859 253133 370575 252826 464759 423658 522726 422333 258655 479188 446255 180060 92799 301815 294874 210855
19 240830 240617 392881 191859 515277 370575 514970 464759 423658 391654 422333 258655 479188 184111 442204 354943 301815 32219 120820
19 502974 502761 392881 191859 253133 370575 252826 464759 423658 391654 422333 258655 479188 446255 180060 92799 301815 294363 210855
19 502974 502761 130737 454003 515277 370575 514970 464759 423658 129510 422333 258655 479188 184111 180060 92799 301815 294363 202235
19 371902 371689 458417 388467 253133 436111 252826 464759 489194 457190 487869 389727 479188 446255 245596 158335 286171 63476 81839
19 371902 371689 196273 388467 515277 436111 514970 464759 489194 195046 487869 127583 479188 184111 245596 158335 286171 325620 202235
19 502974 502761 196273 388467 384205 436111 383898 464759 489194 195046 487869 127583 479188 184111 114524 158335 286171 309159 202235
19 240830 240617 458417 388467 515277 436111 514970 464759 358122 457190 356797 258655 479188 315183 376668 420479 155099 105207 63484
19 502974 502761 458417 126323 253133 436111 252826 464759 358122 457190 356797 258655 479188 315183 114524 158335 417243 367351 210855
19 502974 502761 458417 388467 253133 436111 252826 464759 358122 457190 356797 258655 479188 315183 376668 158335 417243 105207 96175
19 371902 371689 458417 388467 253133 501647 252826 464759 489194 457190 487869 324191 479188 315183 442204 223871 169467 120820 32687
19 437438 437225 261809 388467 515277 370575 514970 497527 489194 260582 487869 193119 479188 184111 212828 338687 317436 32727 103931
19 371902 371689 523953 191859 449741 370575 449434 366455 227050 522726 225725 455263 479188 249647 212828 404223 292775 65372 105207
19 240830 240617 523953 322931 449741 370575 449434 235383 358122 522726 356797 455263 479188 380719 474972 404223 161703 121559 65404
19 240830 502761 261809 322931 449741 239503 449434 235383 358122 522726 356797 455263 479188 380719 343900 404223 161703 105207 65370
19 371902 371689 196273 388467 515277 436111 514970 497527 489194 195046 487869 127583 479188 184111 212828 404223 286171 325620 235003
19 371902 371689 458417 388467 515277 370575 514970 497527 227050 457190 225725 455263 479188 184111 212828 404223 284155 65492 105215
19 371902 371689 458417 257395 253133 370575 252826 366455 489194 457190 487869 193119 479188 446255 474972 142079 284155 65372 96167
19 371902 371689 458417 257395 515277 370575 514970 366455 227050 457190 225725 455263 479188 184111 212828 404223 284155 65372 105207
19 502974 502761 458417 388467 384205 501647 383898 497527 227050 457190 225725 324191 479188 184111 212828 273151 415227 96167 105215
19 240830 240617 458417 388467 515277 370575 514970 235383 358122 457190 356797 455263 479188 315183 474972 404223 153083 121559 65404
19 310462 310249 523953 126323 515277 501647 514970 431991 227050 522726 225725 389727 413655 118575 212828 338687 192380 350196 170743
19 441534 441321 392881 257395 253133 370575 252826 431991 489194 391654 487869 258655 413655 380719 474972 76543 61308 286171 161703
19 441534 441321 392881 257395 515277 239503 514970 431991 227050 391654 225725 389727 413655 118575 474972 338687 61308 284155 187095
19 371902 437225 261809 388467 384205 501647 449434 431991 489194 489958 258493 389727 511956 216879 212828 400639 294717 63462 105467
19 511038 434029 384691 241011 228557 378767 244634 358260 440042 391654 422335 258655 421846 221144 343733 461679 60157 310619 186279
19 511038 302957 384691 241011 228557 509839 244634 489332 440042 391654 422335 127583 290774 221144 474805 461679 191229 386553 186279
19 511038 302957 122547 503155 490701 247695 506778 227188 440042 129510 422335 389727 290774 483288 212661 461679 191229 386553 179547
19 511038 494445 450227 372083 326861 509839 375706 194420 243434 489958 192957 356959 225236 352216 474805 394751 424811 120743 125567
19 511038 494445 188083 372083 130253 444303 375706 194420 505578 489958 192957 356959 225236 352216 212661 394751 293723 317351 240491
19 511038 429053 220851 388467 425167 509839 441242 423798 374506 244198 356797 258655 225236 384984 474301 469867 65325 318199 189947
19 252990 379757 450227 388467 244941 444303 375706 440180 489194 489958 455101 389727 225237 499672 466735 273663 162651 96181 61422
19 511038 510829 319155 257395 244941 444303 244634 440180 489194 358886 455101 127583 356308 237528 335663 142591 424795 370171 219047
19 511038 449389 450227 126323 261325 378767 244634 489332 358122 506342 356797 242271 421846 466904 431551 215679 45049 326359 161703
19 511038 248685 319155 241011 359629 444303 228250 325492 243434 457190 373181 488031 356308 499672 400119 468911 179547 125803 65205
19 511038 379757 188083 372083 228557 444303 490394 194420 374506 457190 242109 488031 225236 499672 400119 337839 310619 32501 125803
19 322878 375657 515761 486739 253133 374663 228250 251764 321259 506342 446909 488031 233206 478059 437725 284599 146174 98012 61231
19 380222 256873 515761 257363 449741 358279 441242 440180 370411 506342 381373 258655 421620 220138 212031 462815 323375 64222 104437
19 380222 519017 515761 388435 253133 489351 244634 243572 370411 440806 381373 455263 421620 416746 474175 331743 181759 97014 65327
19 249150 519017 384689 257363 449741 522119 441242 440180 239339 375270 250301 356959 356084 482282 474175 395263 32559 321019 195318
19 380222 453481 253617 388435 384205 227207 441242 472948 435947 440806 225725 381535 225012 464874 236607 412511 294077 63462 109531
19 380222 387945 450225 519507 188109 358279 244634 440180 501483 178678 487869 250463 487156 464874 367679 150495 294251 49116 95663
19 380222 387945 188145 519507 449741 358279 179102 440180 370411 244198 487869 250463 225012 481258 474175 396255 294699 65244 124347
19 380222 519017 188145 519507 449741 358279 179102 440180 370411 244198 356797 250463 225012 481258 474175 396255 294699 64222 124347
19 511294 387945 188145 519507 449741 358279 179102 440180 501483 244198 487869 250463 225012 350186 343103 396255 294699 40925 124347
19 494910 256873 474801 257363 441549 382855 195482 358260 378603 358886 496061 193119 421620 416478 113642 216443 313263 310367 210869
19 494910 519017 245425 519507 376013 513927 359322 358260 476907 227814 512445 242271 192244 187102 440298 425023 266239 65327 116219
19 486718 383849 442033 511315 228557 374663 252826 243572 517867 457190 504253 447071 110326 481205 469851 401390 30203 323549 192303
19 404990 519017 376497 519507 498893 489351 187291 186229 419563 129510 487869 373343 249588 347951 243690 219870 327230 316923 208191
19 372030 387945 245425 519507 498893 358279 449434 448372 419563 195046 487869 242271 249588 347951 407530 203487 310335 57308 91643
19 503102 387945 442033 388435 498893 227207 383898 448372 222955 195046 487869 373343 446196 216879 210922 400095 290171 63413 105695
19 453950 387945 442033 388435 449741 505735 252826 481140 354027 244198 487869 193119 249588 364335 466395 146047 292842 57077 91583
19 453950 519017 442033 388435 449741 505735 252826 481140 354027 244198 356797 193119 249588 364335 466395 146047 292842 56055 91583
19 453950 387945 245425 453971 253133 505735 383898 481140 419563 506342 422333 389727 249588 429871 335323 211583 318198 47037 94187
19 322878 244585 450225 388435 425165 497543 228250 481140 124651 244198 381373 455263 462582 248667 306653 356143 178154 342774 187581
19 322878 244585 450225 388435 425165 497543 490394 481140 124651 244198 381373 455263 462582 248667 306653 93999 178154 342774 154877
19 494910 248685 433843 519507 441549 251783 359322 325492 124651 358886 455101 471647 421620 352216 112618 214463 191339 367679 147165
19 249150 248685 384691 257363 359629 448455 424890 374644 501483 506342 389565 488031 421620 466904 171135 214959 307103 64363 81908
19 249150 379757 384691 257363 490701 448455 424890 505716 501483 375270 258493 356959 421620 466904 171135 214959 307103 62969 80886
19 511294 379757 450227 257363 195789 382855 490394 423796 485099 375270 192957 504415 503540 237528 394751 81471 310123 294365 220135
19 249150 248685 220851 453971 425165 497543 392090 472948 370411 375270 422333 258655 487156 319448 179295 355179 433127 89279 112632
19 380222 379757 499379 453971 490701 382855 228250 227188 190187 244198 455101 504415 503540 221144 337403 401199 293623 49116 121919
19 380222 379757 237235 453971 228557 382855 490394 227188 452331 506342 192957 504415 241396 483288 337403 401199 293623 49116 125803
19 249150 248685 433843 486739 457933 251783 392090 325492 354027 375270 422333 504415 438004 352216 206331 465655 191339 121919 49116
19 445758 445293 188083 503123 244941 513927 359322 227188 485099 358886 242109 324191 388852 368600 400359 474175 440312 116159 129899
19 445758 445293 188083 503123 507085 251783 359322 227188 485099 358886 242109 324191 126708 368600 400359 474175 440312 378303 256859
19 478526 248685 351923 503123 359629 251783 457626 391028 239339 195046 373181 422495 323316 434136 465655 210922 443839 125803 97501
19 478526 248685 351923 503123 359629 513927 195482 391028 239339 195046 373181 422495 323316 434136 465655 210922 443839 125803 97469
19 478526 248685 351923 503123 490701 382855 195482 391028 239339 195046 373181 422495 323316 434136 465655 210922 443839 125787 97469
19 380222 478061 122547 503123 326861 251783 424858 194420 468715 489958 242109 389727 192244 499672 301815 97469 438063 341994 224091
19 445758 248685 319155 503123 425165 382855 490394 358260 239339 260582 373181 455263 356084 499672 400119 208687 178154 125787 31997
19 511294 445293 450227 503123 228557 448391 359322 391028 370411 326118 242109 488031 225012 368600 400119 468911 179673 121919 60399
19 511294 445293 319155 503123 228557 382855 228250 128884 501483 457190 373181 422495 225012 237528 400119 337839 177657 359259 184111
19 445758 248685 319155 503123 326861 251783 490394 358260 239339 489958 373181 455263 356084 499672 400119 208191 178154 125803 32477
19 380222 248685 319155 503123 326861 251783 490394 456564 239339 227814 504253 356959 487156 466904 301815 411071 147307 112618 64733
19 380222 248685 319155 503123 326861 513927 228250 456564 239339 227814 504253 356959 487156 466904 301815 411071 147307 112618 64701
19 249150 248685 351923 503123 490701 251783 457626 423796 435947 326118 504253 389727 356084 434136 334583 208747 187455 108027 32732
19 372030 387945 245425 478675 498893 128903 424858 219004 354027 195046 512445 438879 192244 318311 473066 474679 443839 384732 257371
19 503102 453481 245425 380371 498893 489351 457626 350076 321259 227814 381373 242271 225012 187239 341994 404831 417469 113271 116219
19 224574 486249 196273 511443 253133 358279 506778 366460 501483 440806 381373 193119 388852 482151 212031 401372 292347 60255 112618
19 126270 387945 261809 478675 253133 374663 424858 464764 468715 506342 512445 193119 454388 449383 179295 97847 296895 294876 210922
19 388414 387945 261809 478675 253133 374663 424858 464764 468715 506342 250301 455263 192244 449383 179295 97847 296895 294876 207851
19 453950 453481 392881 249299 384205 440199 228250 235388 435947 506342 381373 488031 356084 482151 343135 395199 163548 109547 65335
19 120574 520557 517363 514899 511693 374663 194975 180085 441066 368057 359093 423896 94187 417254 474207 459775 316991 322014 257854
19 480830 487789 484595 252755 249549 374663 256414 372596 375530 318905 457397 194520 454443 499174 204383 278520 418303 97375 112551
19 480830 487789 484595 252755 249549 505735 256414 372596 375530 318905 457397 325592 454443 499174 204383 278520 156159 95359 49063
19 480830 487789 484595 252755 249549 505735 256414 372596 506602 449977 326325 325592 454443 368102 204383 278520 156159 86911 49063
19 480830 487789 484595 383827 380621 505735 256414 241524 244458 318905 457397 325592 454443 237030 466527 278520 156159 95719 56895
19 480830 487789 484595 252755 249549 505735 256414 503668 506602 449977 326325 325592 323371 368102 204383 278520 156159 82943 49063
19 480830 487789 484595 252755 249549 374663 256414 503668 506602 318905 326325 456664 323371 499174 204383 278520 156159 92639 49063
19 382526 487789 484595 383827 380621 243591 485790 241524 244458 318905 457397 456664 454443 237030 335455 147385 418303 114150 89695
19 382526 487789 484595 383827 380621 243591 485790 241524 244458 449977 457397 456664 454443 237030 335455 147385 287231 49126 89695
19 382526 487789 484595 514899 380621 243591 485790 241524 244458 318905 326325 456664 454443 237030 335455 409529 156159 113134 56927
19 382526 487789 484595 252755 380621 505735 485790 503668 244458 318905 326325 194520 192299 499174 335455 147385 418303 113134 91895
19 382526 487789 484595 514899 380621 243591 485790 241524 244458 318905 326325 456664 454443 237030 466527 278457 156159 96750 56927
19 513598 487789 484595 514899 511693 243591 485790 241524 244458 318905 326325 325592 323371 237030 335455 147385 418303 107007 89695
19 513598 487789 484595 514899 511693 243591 485790 241524 244458 318905 326325 325592 323371 237030 335455 409529 156159 107007 56927
19 382526 455021 484595 252755 380621 440199 485790 470900 441066 122297 391861 260056 192299 466406 106079 155451 290525 309742 206327
19 251454 455021 484595 252755 380621 440199 485790 470900 441066 122297 391861 391128 192299 466406 106079 155451 290525 307695 208374
19 513598 455021 484595 514899 249549 440199 485790 470900 441066 122297 129717 128984 323371 466406 106079 286523 159453 336383 176623
19 448062 258413 255219 514899 511693 374663 256414 470900 473834 417209 326325 489432 323371 368102 171615 357503 436734 84959 114617
19 448062 389485 386291 252755 249549 505735 387486 470900 473834 220601 457397 227288 454443 499174 302687 291967 142334 81849 62951
19 382526 455021 451827 383827 380621 505735 453022 503668 506602 130489 490165 489432 487211 188390 114271 156671 286649 310758 204287
19 513598 455021 451827 514899 511693 505735 453022 503668 506602 130489 359093 358360 356139 188390 114271 156671 286649 303615 204287
19 448062 520557 517363 383827 315117 178071 387486 241524 244458 187833 490165 358360 487211 499174 335455 140287 425422 112551 97375
19 448062 520557 517363 383955 315117 178071 387486 372604 244458 187833 490165 358360 487211 499174 466527 140287 425422 128807 97503
19 382526 389485 500987 498519 478925 194439 485790 225140 195306 187833 522933 489432 454443 515558 344051 407343 290015 49148 130143
19 382526 389485 500987 498519 478925 456583 485790 487284 457450 449977 260789 227288 192299 253414 344051 407343 290015 49148 115711
19 497214 504173 369915 367447 380621 227207 387486 225140 195306 187833 490165 456664 454443 482790 180208 285535 402687 98211 113759
19 497214 504173 238843 367447 511693 227207 453022 225140 359146 351673 260789 456664 388907 187878 475120 408671 284607 60663 121691
19 497214 504173 369915 498519 380621 489351 387486 356212 228074 220601 457397 194520 192299 450022 212976 408671 279551 65323 107775
19 497214 504173 369915 367447 380621 489351 387486 487284 228074 220601 457397 194520 192299 450022 212976 408671 279551 65443 107775
19 497214 504173 369915 367447 380621 227207 387486 487284 228074 482745 457397 456664 192299 187878 212976 408671 279551 65443 102111
19 497214 504173 369915 498519 511693 358279 518558 356212 228074 220601 326325 194520 192299 318950 212976 408671 410623 121691 107775
19 497214 504173 369915 236375 249549 358279 256414 356212 490218 482745 326325 456664 454443 318950 475120 408671 148479 121691 65447
19 497214 504173 238843 236375 249549 489351 256414 356212 359146 351673 457397 325592 454443 450022 344048 408671 148479 111743 65443
19 497214 504173 238843 498519 511693 227207 518558 356212 359146 351673 195253 325592 454443 187878 344048 408671 410623 111743 121819
19 497214 504173 500987 498519 511693 227207 518558 356212 359146 351673 195253 325592 192299 187878 344048 408671 410623 111743 117727
19 497214 504173 238843 236375 249549 358279 256414 356212 490218 351673 326325 456664 454443 450022 344048 408671 148479 112991 65443
19 497214 504173 500987 367447 511693 227207 518558 225140 359146 351673 195253 325592 323371 187878 212976 408671 410623 124151 105311
19 497214 504173 238843 498519 249549 358279 256414 225140 359146 351673 457397 456664 323371 450022 344048 408671 148479 109791 65323
19 497214 504173 238843 498519 249549 489351 256414 225140 490218 482745 326325 325592 323371 318950 344048 408671 148479 99327 65323
19 497214 504173 500987 498519 511693 227207 518558 225140 228074 220601 326325 325592 323371 318950 344048 408671 148479 99327 64607
19 497214 504173 238843 498519 249549 358279 256414 225140 490218 482745 326325 456664 323371 318950 344048 408671 148479 101343 65323
19 366270 504173 500987 498519 380621 489351 256414 94069 228074 351673 457397 194520 454443 187878 212976 408671 279551 327022 235071
19 497214 504173 369915 432983 380621 489351 387486 225140 424682 187833 260789 194520 454443 482790 212976 335455 320759 32683 110975
19 497214 504173 238843 432983 249549 358279 256414 356212 424682 318905 391861 456664 454443 482790 344048 204383 189687 112991 32683
19 497214 504173 238843 432983 249549 489351 256414 356212 424682 449977 391861 325592 454443 351718 344048 204383 189687 103295 32683
19 497214 504173 238843 432983 249549 358279 256414 487284 424682 318905 391861 456664 323371 482790 344048 204383 189687 109023 32683
19 497214 504173 238843 236375 249549 358279 256414 356212 359146 318905 457397 456664 454443 482790 344048 400991 156159 113759 65443
19 497214 504173 238843 236375 249549 358279 256414 356212 490218 318905 326325 456664 454443 482790 344048 400991 156159 112991 65443
19 497214 504173 238843 236375 249549 358279 256414 487284 490218 449977 326325 456664 323371 351718 344048 400991 156159 101343 65443
19 497214 504173 435451 236375 249549 325511 256414 421748 359146 351673 457397 489432 388907 450022 344048 210047 187227 109791 32679
19 497214 504173 435451 236375 249549 325511 256414 421748 359146 482745 457397 489432 388907 318950 344048 210047 187227 102111 32679
19 497214 504173 435451 236375 249549 456583 256414 421748 490218 482745 326325 358360 388907 318950 344048 210047 187227 99327 32679
19 497214 504173 238843 367447 511693 194439 518558 225140 359146 351673 195253 358360 454443 187878 409584 472191 297951 62711 121691
19 497214 504173 369915 236375 511693 325511 518558 487284 228074 220601 326325 227288 192299 318950 409584 341119 429023 89051 124151
19 497214 504173 238843 236375 249549 325511 256414 356212 359146 351673 457397 489432 454443 450022 344048 406655 150495 113759 65443
19 237118 244077 500987 236375 511693 456583 518558 356212 490218 482745 326325 96219 454443 318950 344048 406655 150495 365439 194548
19 497214 504173 238843 498519 446157 358279 453022 323444 359146 351673 260789 456664 487211 253414 344048 404703 161583 113759 56315
19 497214 504173 435451 236375 380621 423815 387486 454516 490218 482745 457397 260056 487211 450022 344048 208095 318299 49071 96247
19 497214 504173 369915 236375 249549 358279 256414 323444 490218 482745 326325 456664 487211 318950 475120 404703 152447 121691 65447
19 497214 504173 238843 236375 249549 358279 256414 323444 359146 351673 457397 456664 487211 450022 344048 404703 152447 113759 65443
19 497214 504173 238843 236375 249549 489351 256414 323444 359146 351673 457397 325592 487211 450022 344048 404703 152447 111743 65443
19 497214 504173 238843 498519 511693 227207 518558 323444 359146 351673 195253 325592 487211 187878 344048 404703 414591 111743 121819
19 497214 504173 500987 367447 511693 227207 518558 192372 359146 351673 195253 325592 356139 187878 212976 404703 414591 124151 105311
19 497214 504173 238843 367447 249549 489351 256414 454516 359146 351673 457397 325592 356139 450022 475120 404703 152447 124151 65451
19 497214 504173 238843 367447 511693 227207 518558 192372 359146 351673 195253 325592 356139 187878 475120 404703 414591 124151 121691
19 497214 504173 238843 236375 249549 489351 256414 454516 359146 482745 457397 325592 356139 318950 344048 404703 152447 100095 65443
19 497214 504173 500987 498519 511693 358279 518558 192372 228074 220601 326325 194520 356139 318950 344048 404703 414591 101343 128127
19 374334 520557 441843 359251 372429 259975 518558 257908 424686 220601 252597 415708 413487 360959 204778 468215 59131 319462 178527
19 505406 389485 441843 359251 503501 259975 387486 257908 424686 220601 252597 415708 413487 360959 204778 468215 59131 319413 178527
19 243262 520557 310771 490323 241357 391047 518558 388980 293614 220601 252597 415708 413487 360959 466922 468215 190203 122459 63982
19 505406 258413 310771 228179 503501 391047 256414 388980 293614 482745 514741 415708 413487 360959 204778 468215 190203 122459 49077
19 472638 389485 500979 228179 241357 456583 387486 454516 326378 220601 514741 251864 479019 492031 303082 290294 147039 81597 62951
19 423486 310637 451827 359251 487117 456583 372126 520052 391914 482745 432887 366554 249643 508415 471997 212454 195544 128693 28671
19 423486 310637 451827 359251 487117 456583 372126 520052 391914 482745 236279 366554 249643 442879 471997 212454 188376 128693 27647
19 423486 441709 255219 490323 356045 456583 372126 388980 522986 482745 301815 366554 446251 246271 471997 212454 191452 127791 24571
19 357950 310637 386291 424787 487117 391047 437662 520052 457450 482745 367351 235482 249643 442879 471997 212454 188085 130008 26623
19 357950 114029 386291 228179 487117 325511 241054 454516 195306 417209 367351 235482 511787 508415 406461 474598 441439 392152 259765
19 357950 376173 386291 490323 487117 325511 241054 454516 457450 417209 367351 497626 511787 246271 406461 212454 179295 130008 24511
19 489022 245101 386291 490323 356045 456583 372126 323444 457450 417209 367351 235482 249643 508415 406461 212454 179295 129835 26621
19 226878 504173 369915 367447 388813 227207 375198 454516 449258 187833 486069 448472 248683 476407 212913 400350 291967 65443 110046
19 456254 504173 369915 236375 323277 489351 375198 356212 482026 417209 453301 251864 248683 378103 409521 212063 178670 122667 26615
19 472638 455021 386291 506707 503501 489351 457118 511860 514794 220601 129717 251864 159595 316543 49126 355806 430013 334843 238079
19 472638 389485 386291 244563 241357 423815 129438 446324 449258 466361 518837 514008 486251 119935 441830 93662 48735 286649 155559
19 472638 389485 255219 375635 241357 423815 129438 446324 449258 466361 518837 514008 486251 119935 441830 93662 48735 286645 155563
19 374334 258413 484595 244563 470733 391047 227742 511860 449258 368057 518837 448472 322411 218239 441830 286635 141055 93662 57269
19 243262 455021 451827 228179 224973 374663 457118 380788 383722 236985 518837 514008 502635 480383 470494 401383 294841 65119 130534
19 243262 455021 451827 228179 224973 505735 457118 380788 383722 236985 518837 382936 502635 480383 339422 401383 294841 46719 130534
19 439870 455021 451827 129875 126669 472967 129438 479092 482026 466361 518837 382936 502635 185471 110046 162911 286712 309159 204711
19 423486 466285 355571 237395 456397 356231 236958 388980 252650 456121 467711 381422 445275 509621 310197 228312 175598 112475 32439
19 382526 383341 371955 457555 505549 384903 502174 503668 457450 423353 488117 254446 509755 413660 212779 334335 187639 98264 47103
19 448062 448877 191731 506707 259789 352135 518558 356212 375530 374201 258741 483822 509755 233436 466167 145247 294904 64607 89067
19 382526 481645 191731 375635 128717 417671 256414 192372 473834 374201 520885 451054 476987 495580 171255 93917 309083 294374 212779
19 382526 481645 191731 506707 128717 417671 256414 192372 473834 374201 389813 451054 476987 233436 433399 93917 309083 293358 220971
19 382526 481645 191731 506707 128717 417671 256414 192372 473834 374201 389813 451054 476987 495580 171255 93917 309083 293358 212779
19 480830 481645 355571 506707 374477 221063 375198 192372 195306 193977 520885 516590 493435 446428 208807 409560 285823 65451 113759
19 251454 252269 191731 506707 440013 221063 440734 356212 359146 357817 520885 516590 493435 315356 339879 408671 417707 105599 131032
19 251454 252269 191731 506707 374477 221063 375198 356212 490218 488889 455349 516590 493435 446428 208807 408671 285691 65327 114648
19 448062 325997 453875 490323 489165 376711 485790 257908 129770 251321 504501 516590 370491 335358 166879 155559 409592 380637 212095
19 448062 325997 453875 383827 513741 180103 359838 257908 129770 251321 471797 516590 337787 466406 494559 150463 425944 388789 228447
19 448062 194925 453875 252755 513741 311175 228766 388980 391914 382393 471797 254446 468859 466406 232415 281535 425944 97375 112565
19 448062 457069 453875 252755 513741 442247 228766 388980 391914 382393 471797 254446 468859 466406 363487 281535 163800 81023 63415
19 448062 457069 126195 483155 382669 180103 387486 126836 522986 513465 211645 222702 436027 237030 363487 291831 421852 343851 250715
19 251454 391533 453875 221011 448205 376711 453022 454516 391914 251321 211645 484846 370491 368102 429023 291831 147243 85725 63990
19 374334 514413 224499 310131 243405 294799 256414 225140 514794 374201 488117 451054 493371 282365 470502 465755 186327 122326 65323
19 357950 358765 322803 228179 243405 319367 518558 438132 514794 243129 504501 451054 247611 462559 366959 417780 161627 114648 60903
19 357950 359789 453875 490323 505549 450439 256414 241524 252650 505273 373431 451054 378683 462559 432495 221172 47067 322556 163391
19 374334 514413 355571 506707 128973 515975 485790 487284 252666 505273 455349 483822 190267 417501 146934 464699 297983 327658 241391
19 439870 448877 191731 375635 243405 450439 97694 257908 383722 505273 226037 385518 477051 233181 466406 404415 294872 325303 252715
19 439870 448877 191731 506707 243405 319367 228766 126836 383722 374201 226037 516590 477051 233181 466406 273343 425944 359519 252715
19 505406 448877 388339 244563 374477 515975 294302 388980 449258 505273 357109 254446 411515 364253 400870 207807 175805 121643 30711
19 374334 383341 388339 441171 505549 122759 425374 257908 252650 243129 488181 451054 477051 429789 466406 76735 55223 294872 162911
19 374334 383341 388339 441171 505549 122759 490910 257908 252650 243129 488181 451054 477051 429789 466406 404415 22519 327640 195679
19 472638 227693 486643 392019 374477 253831 387486 454516 195306 439737 504501 516590 247611 397279 236014 352248 318591 32679 110301
19 472638 358765 486643 392019 243405 515975 256414 454516 326378 439737 504501 516590 378683 397279 367086 221176 187519 110325 32687
19 472638 358765 486643 260947 505549 384903 256414 454516 326378 439737 504501 254446 378683 397279 367086 221176 187519 110301 30647
19 212542 489837 486643 260947 505549 384903 518558 454516 457450 179641 504501 123887 509755 135135 367086 352248 318591 276447 251382
19 357950 481645 470259 129875 325325 466823 453022 438132 252650 128441 520885 500206 247611 315101 112475 425944 155439 368102 175351
19 357950 383341 371955 490323 194253 368519 453022 503668 514794 488889 258741 500206 247611 478941 178011 155126 278447 65496 76783
19 357950 481645 355571 244563 243405 483207 440734 454516 514794 259513 389813 451054 231291 315101 339879 409560 153407 105466 60903
19 357950 481645 486643 375635 374477 417671 244126 454516 449258 325049 520885 254446 362363 249565 405415 212952 179295 126438 22463
19 226878 252269 224499 375635 374477 450439 506270 454516 449258 390585 488117 451054 362363 478941 208807 334842 63071 290279 180216
19 226878 121213 224499 506707 194255 384903 506270 454516 383722 456121 488117 385518 493435 478941 77751 400378 294255 308957 245736
19 489022 514413 224499 506707 440013 384903 244126 323444 383722 325049 488117 254446 493435 216797 339879 400378 163183 113759 55227
19 439870 432509 322803 474963 501455 188295 391582 126836 252650 259513 486077 480750 510827 378589 114660 29687 425944 335675 212063
19 505406 498045 191731 474963 435919 122759 457118 192372 383722 390585 223933 218606 379755 444125 114660 291831 417579 339167 242523
19 448062 440685 355579 219991 513741 323463 506270 388980 244458 251321 389813 483822 247643 495078 335549 407539 163804 113499 60663
19 497214 424301 126195 433011 251597 307087 227742 126836 424682 497081 389813 451054 477019 380390 212438 339645 194261 351067 180011
19 374334 227693 445683 113491 382669 454535 481694 446324 228074 374201 455349 221678 370523 237355 462326 276157 162651 355814 186101
19 374334 424301 249075 441171 251597 356231 252318 249716 424682 374201 389813 483822 436059 368427 462326 210653 61173 317918 163627
19 374334 227693 445683 244563 448205 356231 252318 446324 228074 374201 455349 483822 239451 368427 462326 407261 293739 56798 126645
19 243262 358765 445683 375635 448205 225159 514462 446324 359146 243129 455349 483822 370523 368427 462326 407261 162667 118517 64990
19 472638 457069 478459 342871 480973 257927 448926 249716 195306 243129 520885 385518 436059 368427 495094 163810 290493 55287 97375
19 472638 457069 478459 342871 480973 257927 448926 249716 457450 243129 258741 385518 436059 368427 495094 163810 290493 55287 96607
19 499262 473453 437491 482131 450253 372615 424350 323444 228074 128441 389813 426495 223067 120806 243672 356021 194347 350559 167167
19 433726 473453 240883 383827 188109 503687 227742 257908 490218 456121 455349 229887 419675 481254 374744 347837 322030 16375 128811
19 433726 473453 503027 383827 450253 241543 489886 257908 228074 193977 455349 492031 419675 219110 374744 347837 322030 16375 121951
19 237118 473453 437491 252755 188109 503687 424350 454516 490218 128441 389813 426495 223067 481254 374744 347837 325419 276991 257510
19 237118 473453 503027 383827 122573 438151 489886 454516 424682 193977 258741 492031 223067 415718 374744 347837 318559 278503 256494
19 237118 473453 503027 449363 188109 503687 358814 388980 359146 193977 258741 492031 223067 350182 440280 413373 277991 56895 125422
19 237118 473453 371955 252755 319181 503687 358814 388980 490218 193977 455349 360959 419675 481254 440280 216765 436719 128811 97782
19 368190 244077 503027 383827 351949 241543 489886 487284 195306 325049 520885 229887 321371 448486 473048 147247 412927 126438 95965
19 368190 506221 240883 449363 188109 503687 227742 257908 490218 456121 389813 229887 354139 481254 473048 396991 294375 60414 128811
19 433726 244077 371955 514899 450253 241543 358814 388980 228074 456121 455349 360959 419675 219110 473048 462527 322030 63291 122589
19 368190 244077 437491 514899 319181 241543 424350 454516 228074 390585 389813 426495 354139 219110 473048 462527 194347 125422 57053
19 368190 244077 503027 383827 319181 241543 489886 454516 228074 325049 455349 229887 354139 481254 473048 396991 162159 126438 63197
19 237118 489837 453875 498515 237261 323463 489886 323444 359146 374201 258741 442879 239451 350182 470502 401085 161627 121951 60398
19 368190 325997 355571 498515 237261 323463 489886 487284 457450 243129 258741 344575 239451 448486 470502 407355 155357 128984 59887
19 237118 457069 486643 498515 237261 323463 489886 356212 326378 374201 258741 475647 239451 317414 470502 407355 155357 121951 60398
19 417342 194925 453875 498515 499405 323463 260510 388980 129770 374201 488117 442879 223067 120806 146919 338942 440280 351327 233149
19 351806 325997 322803 498515 499405 126855 457118 257908 260842 243129 488117 377343 485211 186342 343527 142334 417721 374744 220255
19 220734 194925 191731 498515 499405 126855 457118 388980 391914 505273 488117 115199 485211 448486 81383 404478 286649 308831 243672
19 515646 244077 486643 195411 515789 356231 244126 356212 375530 456121 488117 377343 239451 153582 405181 465755 302583 63071 118709
19 220734 375149 388339 482131 220877 454535 375198 454516 441066 226745 258741 377343 239451 432102 462525 409062 286303 63417 125422
19 351806 375149 388339 449363 483021 126855 506270 257908 244458 226745 488117 442879 468827 235494 429757 420334 14327 327640 187487
19 351806 375149 388339 449363 483021 388999 506270 257908 244458 226745 488117 442879 468827 235494 429757 420334 276471 65496 121983
19 351806 244077 486643 383827 384717 225159 506270 454516 244458 325049 455349 213503 370523 432102 462525 407514 153983 126438 63197
19 351806 458093 224499 514899 384717 487303 244126 257908 506602 390585 324279 475647 370523 235494 429759 423898 146429 125422 57147
19 351806 458093 486643 514899 384717 225159 506270 257908 244458 390585 324279 213503 370523 497638 429759 423898 146429 125422 63071
19 220734 194925 126195 482131 483021 126855 457118 388980 441066 472505 389813 180735 468827 366566 232703 421350 292541 318299 243672
19 466494 474477 224499 383827 384717 487303 194974 257908 457450 390585 471735 508415 436059 186342 109564 424920 282303 310759 237371
19 466494 408941 355571 514899 384717 225159 326046 126836 195306 259513 504503 344575 436059 186342 109564 489432 446141 374571 236639
19 466494 474477 224499 383827 384717 487303 194974 257908 457450 390585 504503 475647 436059 186342 109564 423896 282303 310759 237371
19 466494 507245 453875 482131 417485 388999 457118 323444 391914 357817 504503 442879 468827 382950 240636 224742 194347 121951 16383
19 433726 441709 486643 383827 483021 192391 391582 487284 391914 259513 471735 442879 370523 251878 240636 162667 292828 61111 73183
19 433726 179565 486643 383827 483021 454535 260510 487284 391914 390585 471735 442879 239451 251878 371708 162667 292828 48375 85949
19 237118 114029 257267 514899 483021 192391 391582 421748 457450 488889 471735 180735 370523 382950 437244 96623 308831 282557 227288
19 482878 260461 388339 514899 384717 421767 245150 323444 457450 488889 471797 311807 239451 235494 297919 96734 177759 341867 151485
19 497214 194925 482547 241491 497357 360327 194974 360308 195306 374201 371389 222702 443383 118762 473574 407387 290493 317791 251573
19 382526 244077 466163 126803 382669 425863 244126 425844 195306 325049 355005 222702 426999 249834 372665 488283 453727 375270 251573
19 382526 244077 466163 126803 382669 425863 244126 425844 195306 325049 355005 222702 492535 184298 307129 488283 433247 375270 251573
19 251454 506221 466163 192339 251597 360327 506270 360308 326378 128441 223933 419310 361463 446442 176057 488283 431863 388191 244198
19 382526 244077 498931 126803 382669 425863 244126 425844 228074 325049 322237 222702 492535 413674 274361 464479 170335 375270 194229
19 382526 194925 498931 126803 382669 425863 244126 474996 195306 357817 355005 239086 443383 217066 309051 481631 437981 375270 251573
19 480830 227693 466163 257875 513741 343943 260510 311156 129770 325049 436925 239086 345079 184298 504667 421848 416127 388191 251573
19 480830 227693 466163 257875 513741 343943 260510 311156 129770 325049 436925 239086 345079 446442 504667 421848 153983 388191 194229
19 480830 227693 466163 257875 513741 343943 260510 311156 129770 325049 436925 501230 345079 184298 242523 421848 416127 388191 237237
19 480830 227693 466163 257875 513741 343943 260510 311156 391914 325049 436925 501230 345079 184298 242523 421848 416127 126047 106421
19 480830 129389 433395 225107 480973 376711 194974 442228 129770 488889 469693 370158 443383 118762 242523 424422 290619 317149 237237
19 448062 325997 433395 126803 513741 409479 129438 474996 359146 488889 502461 370158 410615 118762 242523 224351 192472 382645 139191
19 448062 325997 433395 126803 513741 409479 391582 474996 359146 488889 240317 239086 410615 118762 373595 224351 192472 368309 152567
19 448062 325997 433395 126803 513741 409479 129438 474996 359146 488889 502461 239086 410615 118762 373595 224351 192472 368309 153527
19 448062 129389 498931 323411 448205 475015 129438 474996 359146 423353 436925 370158 476151 118762 242523 224351 195046 382645 139197
19 448062 129389 498931 323411 448205 475015 129438 474996 359146 423353 436925 239086 476151 118762 373595 224351 195046 368309 153533
19 448062 391533 498931 323411 448205 475015 129438 212852 228074 423353 436925 239086 476151 118762 373595 355423 195046 335797 185919
19 448062 129389 498931 323411 448205 475015 129438 474996 228074 423353 436925 239086 476151 118762 373595 355423 195046 335797 186045
19 448062 391533 498931 323411 448205 212871 391582 212852 228074 423353 436925 239086 476151 118762 373595 355423 195046 335797 185951
19 448062 325997 433395 126803 251597 409479 129438 474996 391914 488889 469693 370158 443383 348138 242523 219487 192472 382645 147367
19 448062 325997 433395 126803 513741 409479 129438 474996 129770 488889 469693 239086 443383 348138 373595 219487 192472 368309 161463
19 448062 194925 433395 126803 513741 409479 129438 474996 129770 488889 469693 239086 443383 348138 373595 219487 323544 302775 226997
19 448062 194925 433395 257875 513741 343943 260510 343924 129770 357817 469693 239086 312311 217066 504667 416095 421880 388191 251573
19 448062 194925 433395 257875 513741 343943 260510 343924 391914 357817 469693 501230 312311 217066 242523 416095 421880 126047 106421
19 448062 457069 433395 257875 513741 343943 260510 343924 391914 357817 469693 501230 312311 217066 242523 416095 159736 126047 40887
19 480830 489837 351475 257875 382669 409479 391582 311156 441066 505273 256701 452078 345079 430058 236639 225240 185951 126763 15351
19 480830 489837 351475 257875 382669 409479 391582 311156 244458 243129 453309 452078 345079 430058 498783 225240 185183 126763 31991
19 480830 489837 351475 257875 382669 409479 391582 311156 506602 505273 453309 452078 345079 430058 236639 225240 185183 126763 16375
19 382526 194925 482547 126803 382669 475015 194974 474996 244458 374201 355005 222702 443383 233450 433247 422747 274365 326118 251573
19 448062 194925 318707 225107 382669 442247 129438 376692 244458 505273 486077 222702 312311 233450 466015 275447 421848 356139 251573
19 382526 129389 318707 225107 513741 311175 260510 442228 244458 505273 420541 419310 377847 233450 466015 340983 193371 356312 188085
19 382526 391533 122099 487251 251597 311175 260510 180084 441066 505273 486077 419310 115703 430058 466015 78839 448095 356312 225067
19 382526 391533 122099 487251 251597 311175 260510 180084 506602 439737 420541 484846 115703 430058 466015 78839 448863 356312 225067
19 382526 358765 122099 454483 251597 376711 227742 245620 457450 505273 502461 484846 115703 462826 432479 415677 16119 323544 192299
19 382526 358765 384243 454483 513741 114567 489886 245620 195306 243129 502461 484846 115703 462826 432479 153533 278263 323544 224351
19 382782 457069 187635 503635 513741 196487 489886 229236 359147 505273 240317 222702 443383 495594 334327 407103 290777 48894 127835
19 382526 129389 351475 241491 513741 294791 260510 425844 195306 439737 469693 222702 312311 233450 367095 488283 453727 372696 251573
19 382526 391533 220403 503635 251597 425863 260510 163700 457450 439737 469693 484846 181239 495594 367095 357211 322655 16380 126763
19 382526 391533 482547 503635 513741 425863 260510 163700 195306 439737 469693 222702 443383 495594 104951 357211 322655 278524 243263
19 513598 194925 318707 241491 513741 360327 194974 360308 228074 505273 371389 353774 443383 233450 465399 407135 421817 127835 122549
19 448062 244077 359667 249683 448205 360327 244126 360308 244458 447929 346813 108014 451575 498150 464573 146267 290286 324443 226997
19 448062 375149 228595 446291 448205 229255 375198 229236 375530 447929 445117 370158 222199 367078 202429 405339 293350 54973 110427
19 513598 506221 294131 249683 382669 425863 375198 294772 244458 251321 445117 435694 353271 498150 464573 208731 193371 126763 31991
19 251454 506221 294131 249683 382669 425863 375198 294772 506602 251321 445117 435694 353271 498150 464573 208731 193371 126763 32246
19 448062 375149 261363 421715 448205 262023 375198 262004 375530 447929 445117 370158 254967 350702 407229 204791 309734 54973 94043
19 448062 244077 457971 225107 382669 458631 244126 393076 244458 382393 445117 239086 386039 219630 341693 401399 293850 44399 120501
19 513598 506221 64755 487251 251597 327559 244126 65396 506602 513465 445117 435694 123895 350702 341693 139255 422747 364379 225067
19 382526 227693 441587 479059 448205 376711 227742 442228 228074 382393 379581 468462 189431 498150 235355 423605 290667 63966 110269
19 448062 194925 310515 249683 382669 442247 129438 376692 260842 513465 486077 239086 320503 482790 472923 7167 421848 356139 226997
19 448062 457069 310515 511827 382669 180103 391582 114548 260842 251321 486077 501230 58359 482790 472923 7167 421848 356139 224351
19 456254 473469 384243 487251 480975 114567 481694 122740 244458 193977 387773 370158 181239 495403 431837 163749 273918 324443 224351
19 456254 473469 187635 356179 349903 245639 481694 253812 506602 390585 125629 239086 443383 495403 431837 163749 274426 326119 226139
19 243262 489837 253171 470867 235213 458631 350622 384884 359146 505273 240317 353774 508919 446251 309734 161461 401375 112191 97258
19 374334 489837 515315 470867 366285 458631 219550 253812 228074 374201 371389 222702 508919 446251 178662 292533 401375 96750 112191
19 374334 227693 515315 470867 366285 458631 219550 515956 228074 374201 371389 222702 508919 446251 178662 292533 401375 96750 112317
19 243262 489837 384243 470867 235213 458631 350622 384884 490218 243129 240317 484846 377847 446251 309734 161461 401375 110395 96750
19 505406 325997 220403 372563 497357 229255 448926 221044 326378 505273 240317 353774 443383 380715 473574 407387 159421 120565 64347
19 374334 227693 449779 110419 382669 458631 219550 450420 228074 374201 371389 222702 443383 495403 465398 276157 159579 358886 194229
19 243262 424301 384243 175955 120525 491399 448926 384884 424682 243129 240317 419310 377847 495403 334326 210653 325301 307051 227814
19 357950 489837 351483 323415 382669 212871 514462 237428 195306 193977 502461 501230 214007 446251 308063 421848 400631 114658 126047
19 423486 227693 466163 454483 448205 343943 252318 368500 129770 325049 436925 239086 345079 511787 504667 487384 195046 388191 194237
19 423486 227693 466163 192339 448205 475015 252318 499572 129770 456121 436925 239086 476151 380715 373595 356312 326118 270079 259765
19 423486 489837 212211 454483 259789 475015 514462 499572 391914 456121 436925 501230 476151 118591 373595 356312 63990 270079 188395
19 423486 358765 466163 323411 448205 212871 383390 237428 129770 456121 502461 370158 214007 511787 439131 487384 179686 390837 192095
19 423486 358765 466163 323411 448205 475015 383390 499572 391914 193977 240317 370158 476151 249643 439131 225240 441830 128693 88575
19 357950 227693 466163 192339 382669 475015 448926 499572 195306 390585 502461 239086 345079 249643 439131 421848 278199 60910 120565
19 226878 489837 466163 454483 251597 343943 448926 368500 326378 128441 240317 501230 345079 511787 439131 421848 147127 388191 195054
19 226878 489837 466163 192339 513741 343943 448926 368500 326378 390585 240317 501230 345079 249643 439131 421848 409271 126047 121846
19 357950 358765 64755 520019 251597 343943 252318 237428 522986 521657 502461 501230 476151 315183 439135 159708 401403 384984 229163
19 357950 358765 326899 520019 251597 343943 252318 237428 522986 521657 502461 501230 476151 315183 439135 159708 401403 122840 98095
19 357950 358765 326899 520019 251597 343943 252318 499572 522986 521657 502461 501230 214007 315183 176991 421852 401403 122840 110511
19 357950 358765 326899 257875 513741 343943 252318 499572 260842 521657 502461 239086 476151 315183 439135 421852 139259 122840 63159
19 357950 227693 457971 126803 382669 475015 252318 499572 260842 390585 371389 239086 476151 446255 439135 421852 8187 326118 194229
19 357950 489837 457971 388947 382669 212871 514462 237428 260842 128441 371389 501230 214007 446255 439135 421852 8187 326118 191583
19 357950 227693 457971 388947 382669 475015 252318 499572 260842 390585 502461 501230 214007 446255 308063 421852 139259 114150 61117
19 357950 227693 457971 388947 382669 475015 252318 499572 260842 390585 502461 239086 476151 446255 308063 421852 139259 114150 63165
19 357950 489837 457971 388947 382669 212871 514462 237428 260842 390585 502461 239086 476151 446255 308063 421852 139259 114150 63071
19 357950 489837 457971 388947 382669 212871 514462 237428 260842 390585 502461 501230 214007 446255 308063 421852 139259 114150 61023
19 226878 194925 236787 421715 480973 245639 448926 499572 457450 488889 469693 435694 246775 380715 373595 358886 325301 8191 126936
19 489022 391533 367859 225107 480973 442247 383390 434036 195306 226745 469693 370158 443383 249643 242523 424422 290399 63417 105719
19 226878 391533 367859 225107 480973 442247 383390 434036 457450 226745 469693 370158 443383 249643 242523 424422 290399 63417 105974
19 489022 457069 367859 487251 251597 507783 383390 368500 457450 488889 240317 370158 508919 446251 439131 163318 270077 63291 97263
19 489022 194925 367859 225107 480973 376711 252318 368500 195306 488889 469693 239086 377847 446251 439131 424422 270077 61275 128693
19 226878 194925 367859 487251 382669 245639 448926 368500 457450 488889 371389 435694 246775 479019 471899 400886 292541 64363 126940
19 357950 129389 367859 192339 448205 376711 252318 499572 260842 488889 436925 239086 377847 479019 471899 138750 293863 323544 226997
19 357950 391533 367859 454483 448205 114567 514462 237428 260842 226745 436925 501230 115703 479019 471899 400894 31719 323544 191583
19 489022 391533 367859 454483 448205 245639 383390 237428 260842 226745 436925 370158 246775 479019 471899 400894 31719 325561 191583
19 489022 391533 367859 454483 448205 245639 383390 237428 260842 226745 436925 370158 246775 479019 471899 400894 293863 63417 126047
19 226878 260461 367859 454483 448205 245639 383390 368500 522986 488889 436925 370158 246775 479019 471899 400894 293863 63291 126940
19 489022 129389 498931 192339 448205 376711 252318 499572 129770 488889 436925 239086 377847 479019 471899 138750 293863 323293 226997
19 325182 391533 367859 421715 480973 114567 482718 237428 260842 193977 404221 501230 115703 446251 504667 97191 449014 356312 224351
19 325182 129389 367859 225107 480973 311175 220574 499572 260842 456121 404221 239086 377847 446251 504667 359335 186846 356312 194229
19 390718 325997 367859 421715 480973 114567 482718 237428 195306 259513 469757 435694 115703 446251 504667 97191 448245 356312 224351
19 489022 489837 417011 126835 120557 147423 121278 450420 506602 505273 453309 452078 476151 495403 367839 356312 324443 278439 262023
19 357950 227693 417011 126803 382669 475015 252318 450420 244458 374201 322237 189934 476151 495403 433375 487384 439163 391654 259765
19 357950 489837 417011 388947 382669 475015 252318 450420 244458 374201 322237 452078 476151 495403 433375 225240 177019 129510 32447
19 489022 489837 351475 520019 251597 343943 252318 319348 506602 505273 322237 321006 214007 495403 433375 421848 144255 127835 61359
19 489022 489837 351475 454483 448205 114567 448926 122740 244458 243129 387773 386542 214007 495403 466143 405496 32679 324443 191583
19 489022 489837 351475 520019 448205 114567 448926 450420 244458 243129 387773 386542 214007 495403 466143 405496 32559 324571 191711
19 489022 457069 449779 225107 219085 376711 252318 384884 113402 374201 486077 452078 377847 495403 466143 408550 30713 322655 196263
19 325182 325997 425203 388947 489165 442247 227742 515956 244458 505273 518845 255470 443383 200575 367839 352171 192472 81908 54975
19 325182 325997 163059 388947 489165 180103 489886 253812 506602 505273 256701 255470 443383 462719 367839 352171 454616 81908 127835
19 325182 325997 425203 388947 489165 442247 489886 253812 506602 505273 256701 255470 443383 462719 367839 352171 192472 81908 62335
19 325182 325997 163059 388947 489165 180103 489886 515956 506602 505273 256701 255470 443383 200575 367839 352171 454616 81908 119771
19 325182 194925 425203 126803 358093 442247 227742 515956 244458 374201 387773 255470 443383 69503 498911 483243 454616 383462 251573
19 194110 457069 294131 257875 227021 311175 489886 384884 506602 243129 125629 386542 443383 200575 498911 483243 454616 389979 252390
19 456254 457069 294131 257875 489165 311175 227742 384884 244458 505273 387773 386542 443383 200575 498911 483243 192472 127835 57015
19 456254 457069 294131 257875 489165 311175 489886 384884 506602 505273 387773 386542 443383 462719 236767 221099 192472 127835 16375
19 194110 457069 425203 257875 227021 442247 489886 384884 506602 243129 125629 386542 443383 200575 367839 352171 323544 275327 252390
19 325182 391533 122099 421715 415693 114567 481694 253812 473850 505273 191165 255470 377847 495403 433375 97959 441318 356312 226139
